,open,high,low,close,volume,norm_daily_return,norm_monthly_return,norm_quarterly_return,norm_biannual_return,norm_annual_return,target_returns,macd_8_24,macd_16_48,macd_32_96,volatility_20d,volatility_60d,cp_rl_21,cp_score_21,label_ret,label_bin,label_t1
2012-04-13 00:00:00+05:30,40.0,40.3,38.95,39.1,1336656,-0.020050125313283096,-0.06459330143540665,-0.15641855447680686,-0.3048888888888889,-0.3406408094435075,0.010230179028132946,-1.0381822353373522,-2.408090480550314,-4.020401818750045,0.016963561980138715,0.022996135805475243,0.0,0.5327442,0.037645599616366966,1,2012-04-19 00:00:00+05:30
2012-04-19 00:00:00+05:30,39.65,41.0,39.5,40.6,1332933,0.02784810126582271,0.01754385964912286,-0.06559263521288838,-0.30657557643040134,-0.34357316087308,-0.0049261083743843415,-0.6637986102224147,-2.1018872662123087,-3.9210448008397947,0.017559840168007965,0.021533858924849547,0.0,0.5597804,-0.030002250303798904,-1,2012-04-23 00:00:00+05:30
2012-04-23 00:00:00+05:30,40.65,40.9,39.1,39.4,809478,-0.024752475247524774,-0.0283600493218249,-0.08584686774941996,-0.3189282627484875,-0.3675762439807384,-0.013959390862944066,-0.5724505829227979,-1.9592755150835615,-3.8523381128796785,0.016492377475924483,0.0216274619778598,0.0,0.54514647,-0.03881470421550741,-1,2012-04-26 00:00:00+05:30
2012-04-26 00:00:00+05:30,38.65,39.15,37.5,37.9,2905863,-0.02319587628865971,-0.016861219195849486,-0.15022421524663687,-0.34711455641688194,-0.37303556658395376,0.05277044854881274,-0.8934132951858231,-2.030049652339976,-3.8884280362288735,0.016731594880159285,0.0211274765440918,0.0,0.54072684,0.051425211807437185,1,2012-04-27 00:00:00+05:30
2012-04-27 00:00:00+05:30,38.0,40.05,37.5,39.9,5994087,0.05277044854881274,0.023076923076922995,-0.12882096069868998,-0.31028522039758,-0.35541195476575127,-0.005012531328320691,-0.7081393334663773,-1.9182141919538438,-3.8327931631579375,0.020642602052005826,0.02205703405388502,0.0,0.6756857,-0.02538207327141716,-1,2012-05-04 00:00:00+05:30
2012-05-04 00:00:00+05:30,39.8,39.95,37.15,38.9,1272252,-0.01643489254108721,-0.028714107365792718,-0.11891279728199322,-0.34456613310867734,-0.3945525291828794,0.0012853470437019787,-0.4979685628240631,-1.6710540357826886,-3.6786049333317052,0.018171865394876505,0.020759104511815965,0.0,0.52526075,-0.022093166316705815,-1,2012-05-09 00:00:00+05:30
2012-05-09 00:00:00+05:30,38.65,38.65,37.85,38.05,846030,-0.01806451612903237,-0.060493827160493896,-0.18172043010752692,-0.34509466437177283,-0.3777596075224857,0.0013140604467807293,-0.650121601136064,-1.6635286241356653,-3.6414743755780634,0.018461288868363318,0.02054721104911902,0.0,0.5284802,-0.030689533261213313,-1,2012-05-11 00:00:00+05:30
2012-05-11 00:00:00+05:30,38.2,38.2,36.7,36.9,1524048,-0.03149606299212604,-0.06463878326996209,-0.20129870129870142,-0.3654342218400688,-0.39607201309328977,-0.02981029810298108,-0.9117471421304018,-1.7781212028024171,-3.6830292051636775,0.018982341762414083,0.02049570210054185,0.0,0.56727153,-0.030263657639826934,-1,2012-05-14 00:00:00+05:30
2012-05-14 00:00:00+05:30,36.85,36.9,35.5,35.8,1373853,-0.02981029810298108,-0.10275689223057649,-0.23093447905477982,-0.37954939341421157,-0.40133779264214053,-0.016759776536312665,-1.1959831032171593,-1.937116839846972,-3.7615459078220965,0.019541184839371457,0.020575622499193005,0.0,0.5609668,0.016620881236040497,1,2012-05-28 00:00:00+05:30
2012-05-17 00:00:00+05:30,35.85,36.45,35.8,36.15,1859535,0.019746121297602226,-0.08827238335435061,-0.2538699690402477,-0.35847382431233366,-0.3980016652789342,-0.004149377593360981,-1.5582553350647927,-2.257631046294165,-3.953427571084312,0.02031571288461476,0.0207640399530839,0.0,0.5362476,0.016461277054071927,1,2012-05-31 00:00:00+05:30
2012-05-28 00:00:00+05:30,35.85,36.55,35.8,36.4,417957,0.009708737864077666,-0.0395778364116095,-0.20955483170466882,-0.28416912487708956,-0.34708520179372204,0.013736263736263687,-1.0776675406251215,-2.1970621696841803,-4.023919498347581,0.012765185684192472,0.01841492529930397,0.0,0.51706946,-0.026445521664558373,-1,2012-06-01 00:00:00+05:30
2012-06-01 00:00:00+05:30,36.9,37.15,35.15,35.45,1010013,-0.03537414965986385,-0.10366624525916546,-0.22766884531590403,-0.3273244781783681,-0.35837104072398185,-0.0028208744710860323,-0.7464179652878471,-1.9350530055779345,-3.8983246520783865,0.014962321398736236,0.018444116567937575,0.0,0.58351785,0.027818205476530605,1,2012-06-15 00:00:00+05:30
2012-06-06 00:00:00+05:30,35.65,36.5,35.55,36.3,682857,0.023977433004231052,-0.06322580645161302,-0.21086956521739142,-0.3283996299722479,-0.36147757255936686,0.0013774104683197397,-0.7145987705920192,-1.8633743868835282,-3.8564413673887117,0.015894644940244784,0.018227362136473125,0.0,0.5483893,0.0,0,2012-06-20 00:00:00+05:30
2012-06-18 00:00:00+05:30,36.5,36.85,35.4,35.85,623295,-0.016460905349794275,-0.004166666666666652,-0.10486891385767783,-0.2347918890074706,-0.42037186742118027,0.008368200836819994,-0.304882203319913,-1.3512737343106167,-3.480975990847206,0.012155109088393694,0.016214138579793362,0.0,0.52536273,0.04232713737485672,1,2012-06-21 00:00:00+05:30
2012-06-21 00:00:00+05:30,36.35,37.6,36.2,37.4,2248281,0.030303030303030276,0.04469273743016755,-0.07768187422934647,-0.12514619883040934,-0.40160000000000007,0.03609625668449201,-0.0606858642773318,-1.112422212053012,-3.289928691228198,0.013792148815145885,0.01613739031392346,0.0,0.57089365,0.03546005137886978,1,2012-06-22 00:00:00+05:30
2012-06-22 00:00:00+05:30,37.25,38.9,37.15,38.75,3575277,0.03609625668449201,0.07638888888888884,-0.013994910941475758,-0.14174972314507195,-0.366312346688471,-0.00903225806451613,0.26729192617140995,-0.8866856541853281,-3.144118566874212,0.0157550200992268,0.016743159433777802,0.0,0.5946822,0.047868080194463626,1,2012-07-04 00:00:00+05:30
2012-06-29 00:00:00+05:30,39.3,39.9,39.3,39.6,1229826,0.01538461538461533,0.07755102040816331,0.03394255874673635,-0.108108108108108,-0.29599999999999993,0.0012626262626262985,0.9412337579032979,-0.10757512476865827,-2.508743317416169,0.013319668835957973,0.01595133844643272,0.0,0.5262576,0.031077703045577033,1,2012-07-13 00:00:00+05:30
2012-07-04 00:00:00+05:30,40.35,41.25,40.3,40.65,1650414,0.014981273408239737,0.14668547249647368,0.002466091245376223,-0.10952902519167584,-0.3179530201342282,-0.014760147601476037,1.307009446922315,0.3907777114059954,-2.056663943611717,0.012734264854456804,0.01607482779841717,0.0,0.5253673,-0.014870162479451393,-1,2012-07-05 00:00:00+05:30
2012-07-06 00:00:00+05:30,40.1,40.15,39.2,39.85,950841,-0.004993757802746468,0.0962861072902339,-0.016049382716049387,-0.1448497854077253,-0.33025210084033607,-0.0037641154328732496,1.2486110093328762,0.5686302060300576,-1.8150937286463886,0.013689398554854262,0.015953010252579374,0.0,0.5109144,0.035740094730762825,1,2012-07-17 00:00:00+05:30
2012-07-11 00:00:00+05:30,40.1,40.6,39.8,40.35,929943,0.003731343283582156,0.10699588477366251,0.011278195488721776,-0.11513157894736836,-0.334707337180544,0.0074349442379182396,1.152051357106643,0.7617475538798288,-1.4876990525454588,0.013771322238231591,0.015769221198285936,0.0,0.51086867,0.030508772551259708,1,2012-07-18 00:00:00+05:30
2012-07-16 00:00:00+05:30,40.95,41.1,40.6,40.9,611835,0.001223990208078174,0.12208504801097386,0.031525851197982346,-0.07150964812712823,-0.3261943986820429,0.009779951100244544,1.1918578744090667,0.9870713718081916,-1.1393376162298594,0.012204358789849183,0.01537243943951062,0.0,0.5097598,0.026539555234612308,1,2012-07-25 00:00:00+05:30
2012-07-18 00:00:00+05:30,41.4,41.75,40.9,41.6,1197612,0.007263922518159882,0.15076071922544965,0.024630541871921263,-0.04257767548906788,-0.30318257956448913,-0.01081730769230771,1.2748852492056173,1.1565844932161369,-0.8942691912690677,0.012203632550521003,0.01495512392668649,0.0,0.5135343,-0.01697010421846159,-1,2012-07-20 00:00:00+05:30
2012-07-20 00:00:00+05:30,41.15,41.5,40.65,40.9,603069,-0.0060753341433779084,0.09358288770053469,0.038071065989847774,-0.051044083526682216,-0.3250825082508251,0.0024449877750611915,1.1263520165447218,1.1941538291115634,-0.7160293882704494,0.009078963451695453,0.014723422703838498,0.0,0.51140547,0.026539555234612308,1,2012-07-25 00:00:00+05:30
2012-07-24 00:00:00+05:30,41.15,41.8,40.7,41.55,773133,0.013414634146341475,0.08203125,0.07087628865979378,-0.07871396895787153,-0.30922693266832924,0.010830324909747446,1.058877778152059,1.240066557114588,-0.5412557732328906,0.00893425164839749,0.013172205593840573,0.0,0.5223073,-0.04428768020111623,-1,2012-07-26 00:00:00+05:30
2012-07-26 00:00:00+05:30,42.5,42.65,39.35,39.75,2238825,-0.0535714285714286,0.03515625,-0.003759398496240518,-0.13209606986899558,-0.3700475435816165,-0.023899371069182496,0.8047054864412502,1.1775566106849595,-0.42593343358143443,0.01543680922066947,0.0149860754051122,0.0,0.68425745,-0.024189594471113258,-1,2012-07-27 00:00:00+05:30
2012-07-27 00:00:00+05:30,40.2,40.5,38.6,38.8,1537182,-0.023899371069182496,-0.005128205128205221,-0.02267002518891703,-0.12316384180790962,-0.37165991902834017,0.02706185567010322,0.4377360822529255,0.9925524370758936,-0.45540117850426043,0.016008059347600585,0.015156488063666882,0.0,0.5445638,0.03420219376354301,1,2012-07-31 00:00:00+05:30
2012-07-30 00:00:00+05:30,38.9,39.95,38.4,39.85,719928,0.02706185567010322,0.0063131313131312705,0.007585335018963413,-0.09739524348810868,-0.34186622625928975,0.007528230865746499,0.31670044490478233,0.9118823864844217,-0.439956287558843,0.017187172846193494,0.015551654372463747,0.0,0.5591245,0.03815847559504458,1,2012-08-07 00:00:00+05:30
2012-08-03 00:00:00+05:30,40.3,41.15,39.6,40.75,745965,0.009913258983890838,0.017478152309613026,0.05161290322580636,-0.08013544018058683,-0.33360588716271466,0.008588957055214674,0.28235414680383997,0.8002716984261085,-0.3058901648356027,0.016520952558505084,0.014799075181935056,0.0,0.5167159,0.01582504114439689,1,2012-08-21 00:00:00+05:30
2012-08-07 00:00:00+05:30,41.35,41.65,41.25,41.4,830205,0.007299270072992581,0.04282115869017611,0.0866141732283463,-0.1228813559322035,-0.3168316831683169,-0.007246376811594124,0.4505717377067029,0.8650461801948524,-0.18637401708950563,0.016415697034358672,0.014018075924276677,0.0,0.51352364,-0.02074510026984675,-1,2012-08-09 00:00:00+05:30
2012-08-09 00:00:00+05:30,41.0,41.4,40.3,40.55,452607,-0.013381995133820102,0.004956629491945419,0.13268156424581012,-0.1288936627282492,-0.32190635451505023,-0.00246609124537589,0.3892307361374563,0.8309289789405909,-0.11829040480520092,0.016754837627642856,0.014030167949673919,0.0,0.5201673,0.03155601637406249,1,2012-08-24 00:00:00+05:30
2012-08-16 00:00:00+05:30,40.15,41.15,40.15,41.0,502905,0.021170610211706187,-0.007263922518159771,0.13888888888888884,-0.1572456320657759,-0.296137339055794,0.01097560975609757,0.2012406057466123,0.674280088941849,-0.059395223459453916,0.017239618997558753,0.014207725580557828,0.0,0.5406253,0.06491954609931569,1,2012-08-31 00:00:00+05:30
2012-08-23 00:00:00+05:30,41.3,42.6,41.0,41.75,2446953,0.018292682926829285,0.018292682926829285,0.15972222222222232,-0.14795918367346939,-0.2577777777777778,0.0023952095808383866,0.4363749332266025,0.7764800537122198,0.11654555005073064,0.017562949520405532,0.014378607024277165,0.0,0.53289616,-0.018127384592556715,-1,2012-08-28 00:00:00+05:30
2012-08-28 00:00:00+05:30,41.85,41.85,40.6,41.0,1503942,-0.014423076923076983,0.03144654088050314,0.11111111111111116,-0.13502109704641352,-0.2293233082706767,-0.0012195121951218413,0.41862099761825533,0.7908663977991992,0.219573528793795,0.011228799580286225,0.013694273847372792,0.0,0.52204686,0.06491954609931569,1,2012-08-31 00:00:00+05:30
2012-08-31 00:00:00+05:30,41.35,43.95,41.35,43.75,5167140,0.05676328502415462,0.08966376089663775,0.2341325811001409,-0.04684095860566451,-0.2009132420091324,0.012571428571428456,0.6686593189291159,0.9193317570018635,0.36969137752618764,0.015791492377117303,0.015167596072885947,0.0,0.7135239,0.03922071315328133,1,2012-09-10 00:00:00+05:30
2012-09-04 00:00:00+05:30,44.35,44.85,43.6,44.75,1774521,0.010158013544018019,0.10904584882280055,0.2623413258110012,-0.0488841657810839,-0.18488160291438982,-0.015642458100558754,1.2328900127496425,1.2898126709794013,0.634762248027549,0.015885792601505917,0.015237762198761976,0.0,0.5167814,0.04372281101383158,1,2012-09-17 00:00:00+05:30
2012-09-07 00:00:00+05:30,44.4,45.6,43.45,45.2,1565340,0.026106696935300988,0.09178743961352676,0.2400548696844993,0.02031602708803626,-0.1804170444242973,0.006637168141592875,1.4812504169738219,1.6078615584424654,0.9446477374341526,0.017050696444669017,0.015689746580433192,0.0,0.5559205,-0.016732124878271918,-1,2012-09-13 00:00:00+05:30
2012-09-11 00:00:00+05:30,45.5,46.2,45.2,46.0,1006638,0.01098901098901095,0.13440197287299638,0.2620027434842249,0.03139013452914785,-0.1843971631205673,-0.006521739130434745,1.745103434483518,1.8932402331620608,1.2061431527532065,0.016414527341168137,0.01558425659846068,0.0,0.5179092,-0.03427643452918139,-1,2012-09-13 00:00:00+05:30
2012-09-13 00:00:00+05:30,45.65,45.95,44.2,44.45,942993,-0.027352297592997843,0.10572139303482597,0.23130193905817187,0.07108433734939767,-0.22085889570552142,0.008998875140607376,1.5749735839380463,1.958154650046339,1.367091287244854,0.01803952138868705,0.015931207221266775,0.0,0.5573786,0.05044929377478243,1,2012-09-17 00:00:00+05:30
2012-09-17 00:00:00+05:30,45.0,47.15,44.0,46.75,2009835,0.04236343366778139,0.1402439024390243,0.30404463040446306,0.16729088639201017,-0.15992812219227315,-0.019251336898395643,1.6318890465385891,2.0912674155061453,1.5574474448067974,0.019560594250458866,0.016358725047568617,0.0,0.6281822,-0.01943905703222207,-1,2012-09-18 00:00:00+05:30
2012-09-18 00:00:00+05:30,43.75,47.65,43.75,45.85,1679682,-0.019251336898395643,0.10615199034981893,0.2683264177040112,0.14912280701754388,-0.15716911764705876,-0.0065430752453654595,1.5937045520300046,2.126327526600953,1.6389822882365905,0.020322184899431422,0.016067892044305802,0.0,0.5328171,0.0395561991918216,1,2012-10-03 00:00:00+05:30
2012-09-25 00:00:00+05:30,45.65,47.1,45.35,46.35,1643841,0.018681318681318615,0.10752688172043001,0.20703125,0.17789072426937746,-0.16411181244364292,0.004314994606256617,1.3491083161965847,2.139957714487295,1.8864328964487456,0.020359789985323198,0.016172332602695773,0.0,0.5334901,-0.01741066830589689,-1,2012-10-05 00:00:00+05:30
2012-10-01 00:00:00+05:30,46.3,47.5,46.0,47.4,1924710,0.03493449781659397,0.14492753623188404,0.1969696969696968,0.237597911227154,-0.1482479784366577,0.006329113924050667,1.26154487367549,2.155574306240247,2.1093574398991706,0.01792609103405495,0.016708542051025663,0.0,0.5915551,-0.039811604995063504,-1,2012-10-05 00:00:00+05:30
2012-10-04 00:00:00+05:30,47.65,47.9,46.65,46.75,660978,-0.01991614255765206,0.05530474040632072,0.16729088639201017,0.16729088639201017,-0.15841584158415833,-0.025668449197861043,1.2956768687654332,2.2107910745850816,2.2419317879295306,0.018521229707296732,0.016789482690560468,0.0,0.5346945,-0.02600363202872876,-1,2012-10-05 00:00:00+05:30
2012-10-05 00:00:00+05:30,47.35,47.35,45.25,45.55,802392,-0.025668449197861043,0.01787709497206702,0.12054120541205404,0.12330456226880404,-0.19876868953386106,-0.014270032930845167,1.0456166626661698,2.0910318823209053,2.2300708584698157,0.019158571861192974,0.017168570489577095,0.0,0.55167943,-0.019956316383459287,-1,2012-10-15 00:00:00+05:30
2012-10-09 00:00:00+05:30,44.85,47.3,44.85,46.9,3927111,0.04454342984409809,0.06469920544835417,0.17691342534504373,0.15802469135802455,-0.19277108433734946,-0.03304904051172697,0.8191759702716794,1.9375429762858616,2.231101136928906,0.0211061004230919,0.018102710794384854,0.0,0.6396432,-0.03360749889108795,-1,2012-10-10 00:00:00+05:30
2012-10-10 00:00:00+05:30,47.0,47.05,45.2,45.35,1521879,-0.03304904051172697,0.0033185840707963266,0.14231738035264474,0.12810945273631846,-0.19377777777777772,0.0,0.6296236794632151,1.8157942050034137,2.2037970456534737,0.02247409000170909,0.01866777488752719,0.0,0.57908654,-0.031357552429959606,-1,2012-10-22 00:00:00+05:30
2012-10-17 00:00:00+05:30,45.1,45.2,44.0,44.5,744507,-0.005586592178770999,-0.0078037904124861335,0.08801955990220045,0.12232030264817162,-0.22608695652173916,-0.0011235955056179137,-0.0766914939841925,1.1853681880116085,1.9729017733106033,0.01901615964082001,0.01866023180551471,0.0,0.5110532,-0.023878337460793476,-1,2012-10-25 00:00:00+05:30
2012-10-25 00:00:00+05:30,44.15,44.15,43.35,43.45,927078,-0.009122006841505104,-0.045054945054945006,0.05975609756097566,0.11840411840411846,-0.2547169811320754,-0.010356731875719283,-0.534038293943297,0.5728294383091281,1.6283720367559198,0.01801314633751756,0.017280719198842085,0.0,0.5142082,0.061368946376292026,1,2012-11-01 00:00:00+05:30
2012-10-29 00:00:00+05:30,43.05,44.15,42.8,43.8,689283,0.018604651162790642,-0.05907626208378092,0.042857142857142705,0.15567282321899722,-0.24547803617571062,-0.013698630136986134,-0.6439586738075675,0.3442806008110608,1.4665306567291196,0.018415198472816852,0.01685010495242531,0.0,0.53348404,0.053345980705292936,1,2012-11-01 00:00:00+05:30
2012-10-31 00:00:00+05:30,43.5,44.6,43.5,44.25,2842521,0.02430555555555558,-0.03384279475982521,0.14046391752577336,0.11460957178841302,-0.23177083333333337,0.04406779661016946,-0.5752930959413973,0.2222769287824633,1.3478879791834615,0.017578307574894963,0.01720349957316879,0.0,0.5501331,0.04312442663375461,1,2012-11-01 00:00:00+05:30
2012-11-01 00:00:00+05:30,44.5,46.4,44.2,46.2,2473950,0.04406779661016946,-0.025316455696202445,0.15934755332496864,0.16814159292035424,-0.20069204152249132,-0.0043290043290044045,-0.19977457298324452,0.36015967985093766,1.3911658938672105,0.020454976671680523,0.01805153166893811,0.0,0.6378518,0.040302379024022325,1,2012-11-07 00:00:00+05:30
2012-11-06 00:00:00+05:30,46.0,47.9,46.0,47.45,1707033,0.027056277056277,0.041712403951701615,0.17596034696406448,0.21822849807445444,-0.18888888888888888,0.013698630136986356,0.5641904044605255,0.7330546838374374,1.5344951368026045,0.019635855622730933,0.018302444587940423,0.0,0.55913657,0.054344483034882235,1,2012-11-08 00:00:00+05:30
2012-11-08 00:00:00+05:30,47.65,50.7,47.45,50.1,4644435,0.04158004158004158,0.06823027718550123,0.21897810218978098,0.31668856767411313,-0.1376936316695353,-0.017964071856287345,1.3648878103688276,1.242740141598773,1.7988272719170837,0.017489956262142434,0.018858310028128766,0.0,0.62338406,-0.020161973290344193,-1,2012-11-13 00:00:00+05:30
2012-11-13 00:00:00+05:30,49.5,49.95,48.9,49.1,212508,-0.005065856129685908,0.08869179600886912,0.21085080147965485,0.37150837988826835,-0.14904679376083185,0.04175152749490829,1.731017583361357,1.713905859496748,2.113137386123171,0.017895766866420783,0.019030485618024846,0.0,0.5107863,0.040903457597160534,1,2012-11-15 00:00:00+05:30
2012-11-15 00:00:00+05:30,49.0,51.85,48.9,51.15,3407394,0.04175152749490829,0.1455767077267638,0.26452410383189107,0.4531249999999998,-0.0978835978835979,-0.050830889540567026,2.0142870564101187,1.9595386371152586,2.274052934323187,0.01967754298995184,0.01953259423701707,0.0,0.6238138,-0.052168297660301635,-1,2012-11-16 00:00:00+05:30
2012-11-16 00:00:00+05:30,51.7,53.65,47.6,48.55,5268672,-0.050830889540567026,0.08491620111731835,0.20771144278606957,0.3695345557122707,-0.13994685562444653,-0.02883625128733258,1.8113947761221638,1.958257669135179,2.3152900720025826,0.023429984873634464,0.020744161437241348,0.0,0.67015105,-0.02926018565786735,-1,2012-11-19 00:00:00+05:30
2012-11-19 00:00:00+05:30,48.85,49.45,46.7,47.15,3455049,-0.02883625128733258,0.059550561797752755,0.17434620174346205,0.3042876901798064,-0.16326530612244905,-0.01378579003181335,1.434900392873935,1.8402071131897983,2.294353555344607,0.024579106221557956,0.02113862512565768,0.0,0.56219155,0.027198329257308928,1,2012-12-04 00:00:00+05:30
2012-11-21 00:00:00+05:30,45.75,46.85,45.35,46.1,1804005,-0.008602150537634357,0.03363228699551568,0.11218335343787689,0.28233657858136296,-0.13751169317118805,0.02060737527114953,0.6948570207765528,1.5084099299430207,2.1831580368090897,0.02469284595823795,0.021125862493886746,0.0,0.5139322,0.06100734810802377,1,2012-12-03 00:00:00+05:30
2012-11-29 00:00:00+05:30,47.05,48.25,47.0,48.0,2199807,0.022364217252396124,0.09589041095890427,0.15384615384615374,0.31868131868131866,-0.05604719764011801,-0.00520833333333337,0.32020852998299887,1.1573530472769704,2.0528473529870084,0.024941253820213713,0.021462290607504753,0.0,0.5430647,-0.016807118316381174,-1,2012-12-13 00:00:00+05:30
2012-12-03 00:00:00+05:30,47.65,49.15,47.6,49.0,4013484,0.02617801047120416,0.10734463276836159,0.19658119658119655,0.33514986376021794,-0.0522243713733076,-0.01122448979591828,0.5725832264299058,1.2427547217640296,2.105317446598548,0.02341317571952537,0.020473627339623917,0.0,0.555179,-0.02374918021166329,-1,2012-12-05 00:00:00+05:30
2012-12-05 00:00:00+05:30,48.6,49.0,47.6,47.85,1303698,-0.012383900928792602,0.04021739130434776,0.09371428571428564,0.34978843441466845,-0.09203036053130931,-0.006269592476489172,0.5761314503312889,1.2392841338759055,2.1194258413910276,0.023820276543387184,0.020471312388433194,0.0,0.5190063,-0.0010454784015530563,-1,2012-12-19 00:00:00+05:30
2012-12-20 00:00:00+05:30,47.85,48.7,47.7,48.25,2074299,0.009414225941422716,0.037634408602150504,0.03208556149732611,0.3458856345885635,0.029882604055496254,-0.033160621761658016,0.2712086021476168,0.862869078841392,1.908161937703035,0.012250521525457513,0.019019214095844384,0.0,0.5155056,-0.03372290049164208,-1,2012-12-21 00:00:00+05:30
2012-12-21 00:00:00+05:30,48.35,48.35,46.2,46.65,1626996,-0.033160621761658016,0.01193058568329719,0.017448200654307522,0.2904564315352698,0.06872852233676974,0.001071811361200492,0.08054857712399865,0.7450920538647026,1.840443106813531,0.013831405845585785,0.01947751884989594,0.0,0.58060473,0.03992126744398105,1,2013-01-02 00:00:00+05:30
2012-12-31 00:00:00+05:30,47.35,48.1,47.0,47.8,1529742,0.011640211640211673,-0.004166666666666763,0.02685284640171859,0.24155844155844153,0.05986696230598665,0.008368200836820217,-0.018682292016492852,0.5174784408171149,1.6452649057267976,0.012293683330250393,0.01878997833077069,0.0,0.518726,0.05097943760828334,1,2013-01-07 00:00:00+05:30
2013-01-03 00:00:00+05:30,49.0,49.4,48.35,49.0,1819110,0.009268795056642798,0.011351909184726505,0.03375527426160341,0.23737373737373724,0.10360360360360366,-0.008163265306122436,0.38432799601454093,0.6894947674558765,1.6906035431767066,0.01047578113055907,0.018335408746773123,0.0,0.5152388,-0.01957816269432512,-1,2013-01-10 00:00:00+05:30
2013-01-07 00:00:00+05:30,48.85,50.75,48.65,50.3,3890436,0.034979423868312765,0.05783385909568883,0.07593582887700534,0.2559300873907615,0.10186199342825852,-0.02385685884691846,0.6984199826188231,0.8770429422445574,1.7727242825073688,0.012987689709221567,0.017920186901862877,0.0,0.5919149,-0.0241460423052186,-1,2013-01-08 00:00:00+05:30
2013-01-08 00:00:00+05:30,50.65,50.95,48.95,49.1,4443804,-0.02385685884691846,0.028272251308900653,0.07793633369923181,0.20787207872078728,0.07557502738225641,-0.01323828920570258,0.7067295833462452,0.9116754145165942,1.7902833631783253,0.01423676195091777,0.017658723506464875,0.0,0.5464795,-0.02161689938417346,-1,2013-01-10 00:00:00+05:30
2013-01-10 00:00:00+05:30,48.55,49.15,47.7,48.05,1222911,-0.008255933952528549,0.01371308016877637,0.024520255863539342,0.2057716436637389,0.0311158798283262,-0.020811654526534884,0.46909042553041047,0.8305140716554291,1.7488834528637511,0.014377451260232444,0.017781158743909446,0.0,0.51337874,-0.02103126938491288,-1,2013-01-11 00:00:00+05:30
2013-01-11 00:00:00+05:30,48.2,48.3,46.9,47.05,920415,-0.020811654526534884,-0.008429926238145535,0.037486218302094754,0.18513853904282107,0.03066812705366928,0.015940488841657885,0.21936955276721193,0.7021696696484767,1.679730177592866,0.015119510162552051,0.017950908090840927,0.0,0.5374086,-0.07043614721319656,-1,2013-01-24 00:00:00+05:30
2013-01-16 00:00:00+05:30,47.65,48.05,46.6,46.7,983328,-0.018907563025210017,-0.026068821689259614,0.04591265397536404,0.14883148831488335,0.007551240560949246,0.004282655246252487,-0.13195963262637633,0.45677259196737197,1.5235917817679976,0.01592493160243613,0.01823058158704246,0.0,0.53240997,-0.06296944585665959,-1,2013-01-24 00:00:00+05:30
2013-01-24 00:00:00+05:30,46.15,46.3,43.35,43.85,1564590,-0.05291576673866083,-0.07097457627118642,0.0,0.07212713936430326,0.01740139211136893,0.01710376282782211,-0.9030932819373447,-0.23287524040426177,1.02590751311525,0.018097629876677946,0.01923122764181425,1.0,0.7015291,0.04350937230194703,1,2013-01-28 00:00:00+05:30
2013-01-28 00:00:00+05:30,44.65,46.4,44.65,45.8,1930545,0.02690582959641241,-0.030687830687830764,0.06511627906976747,0.10228640192539107,0.015521064301551979,0.017467248908296984,-0.9952366522175566,-0.4496490613754105,0.8290099757725571,0.019514077765464828,0.019321797051602405,1.0,0.5598586,0.03222620437774792,1,2013-02-11 00:00:00+05:30
2013-01-30 00:00:00+05:30,46.65,47.4,46.55,47.2,1477548,0.012875536480686733,-0.020746887966805017,0.09259259259259256,0.18742138364779892,0.030567685589519833,-0.012711864406779738,-0.5813992459048904,-0.359641467512418,0.7878916199575983,0.020039357516497755,0.01866271706875421,1.0,0.51993114,-0.0333902855505323,-1,2013-02-04 00:00:00+05:30
2013-02-04 00:00:00+05:30,47.0,47.1,45.4,45.65,1199841,-0.025613660618996836,-0.06069958847736634,-0.007608695652173925,0.13698630136986312,0.06162790697674425,0.028477546549835697,-0.46851401703757745,-0.37944803190161025,0.6676091851927879,0.018769916102788352,0.018617322105001888,1.0,0.5559747,0.040778181950421794,1,2013-02-06 00:00:00+05:30
2013-02-05 00:00:00+05:30,45.65,47.3,45.35,46.95,3178260,0.028477546549835697,-0.06660039761431402,0.016233766233766156,0.16501240694789088,0.0634201585503964,0.012779552715654896,-0.3368531769781242,-0.3318925904636387,0.656442815909223,0.019584441800559294,0.018184809007767522,1.0,0.56584764,0.024198971457443638,1,2013-02-19 00:00:00+05:30
2013-02-19 00:00:00+05:30,47.05,48.35,46.85,48.1,958104,0.02558635394456288,0.02887700534759352,0.03440860215053765,0.173170731707317,-0.01130524152106882,-0.012474012474012475,0.1764851418727389,0.05278039065343165,0.6509593703102894,0.019162242713986203,0.015372053717397966,1.0,0.5554684,-0.024198971457443496,-1,2013-02-21 00:00:00+05:30
2013-02-21 00:00:00+05:30,46.9,47.5,46.75,46.95,489294,-0.011578947368421022,0.01403887688984895,-0.002125398512220933,0.1340579710144929,-0.05055611729019216,0.019169329073482455,0.12985537244892242,0.062094032511382125,0.633927446694706,0.014825806678081872,0.01546899747480969,1.0,0.5181393,-0.03027258194830468,-1,2013-02-28 00:00:00+05:30
2013-02-22 00:00:00+05:30,46.85,48.15,46.7,47.85,1008057,0.019169329073482455,0.09122006841505126,0.03683640303358615,0.16707317073170724,-0.035282258064516125,-0.014629049111807846,0.2075431429876744,0.115008600181433,0.6506853827603294,0.014932187481552681,0.01539645204407779,1.0,0.53462166,-0.026470576767363068,-1,2013-02-26 00:00:00+05:30
2013-02-26 00:00:00+05:30,46.35,47.5,46.35,46.6,988377,-0.01166489925768821,0.017467248908296984,-0.007454739084132078,0.11350059737156504,-0.022035676810073346,0.013948497854077146,0.04472316298767254,0.054612508114267655,0.6021932065746043,0.014180465971813121,0.015178357213336378,1.0,0.51825815,-0.02278991742563293,-1,2013-02-28 00:00:00+05:30
2013-02-28 00:00:00+05:30,47.35,47.65,44.95,45.55,1531602,-0.035978835978836,-0.03495762711864414,-0.0460732984293194,0.11097560975609744,-0.039029535864978926,0.004390779363337094,-0.1821577507560903,-0.06402526559217137,0.5199180685185425,0.016160199010050433,0.015840569961764923,1.0,0.60294884,-0.022198469789148963,-1,2013-03-04 00:00:00+05:30
2013-03-04 00:00:00+05:30,45.95,45.95,44.15,44.55,678546,-0.02622950819672132,-0.04909284951974391,-0.08049535603715186,0.07608695652173902,-0.02941176470588236,0.022446689113355678,-0.5826514110984036,-0.32231210543664446,0.35260080832713214,0.016191228205486113,0.01616687363228202,1.0,0.55879354,0.0406873053153914,1,2013-03-12 00:00:00+05:30
2013-03-05 00:00:00+05:30,44.5,45.75,44.05,45.55,454800,0.022446689113355678,-0.0021905805038335835,-0.04806687565308265,0.04114285714285715,-0.007625272331154731,0.008781558726674188,-0.6184172901539853,-0.386058377888844,0.29511820613067385,0.015658914306739585,0.016423369323093594,1.0,0.54470605,0.017410668305897013,1,2013-03-19 00:00:00+05:30
2013-03-12 00:00:00+05:30,45.65,46.8,45.45,46.4,990621,0.022026431718061623,-0.019027484143763207,-0.02212855637513178,0.0265486725663715,0.04740406320541757,0.0021551724137931494,-0.48035622047209614,-0.5053762327420372,0.09434135917162934,0.01653686500817065,0.016625732074884284,1.0,0.5434615,-0.023992426743221308,-1,2013-03-15 00:00:00+05:30
2013-03-15 00:00:00+05:30,46.1,46.65,45.15,45.3,675411,-0.017353579175705125,-0.033084311632870955,-0.0552659019812306,-0.00875273522975939,0.08373205741626788,0.004415011037527616,-0.37828310132888987,-0.4867818248656661,0.030743024613137493,0.016873914925808007,0.01675061579808265,1.0,0.5305451,0.05267203443775108,1,2013-04-01 00:00:00+05:30
2013-03-19 00:00:00+05:30,47.5,47.5,45.65,46.35,1178295,0.018681318681318615,-0.011727078891257903,-0.030334728033472702,0.03344481605351168,0.13742331288343568,-0.02373247033441206,-0.28368027195671885,-0.45978034813916935,-0.0031580687471617352,0.016390357017161464,0.016401751604925602,1.0,0.5335767,-0.02401862186592901,-1,2013-03-20 00:00:00+05:30
2013-03-20 00:00:00+05:30,46.55,46.6,44.45,45.25,718311,-0.02373247033441206,-0.05925155925155923,-0.06217616580310881,-0.03208556149732622,0.12983770287141083,0.016574585635359185,-0.35347487939306177,-0.5005555094934735,-0.04579615272055548,0.016962376403117922,0.016622113352812364,1.0,0.5501512,0.05377639678080421,1,2013-04-01 00:00:00+05:30
2013-03-22 00:00:00+05:30,45.9,46.9,45.5,46.0,1245258,0.0,-0.020234291799787085,-0.014989293361884481,0.009879253567508295,0.1572327044025157,-0.008695652173912993,-0.24021603375125977,-0.4511612320023275,-0.06335375858891013,0.016665353903407676,0.016754198668957564,1.0,0.5077966,-0.018651116626100635,-1,2013-03-26 00:00:00+05:30
2013-03-26 00:00:00+05:30,45.75,46.1,45.0,45.15,1359792,-0.009868421052631637,-0.042417815482502674,-0.040382571732199724,-0.007692307692307776,0.14885496183206115,0.009966777408637828,-0.32823329412529034,-0.4989595686399184,-0.12659660753600122,0.016424113531845332,0.01671313652382722,1.0,0.51519,0.05598878706374484,1,2013-04-01 00:00:00+05:30
2013-04-01 00:00:00+05:30,45.6,48.1,45.5,47.75,1225962,0.04714912280701755,0.010582010582010692,-0.0010460251046024993,0.025778732545649996,0.23865110246433208,0.010471204188481575,0.015257812509723578,-0.32476708697188883,-0.0755759548732513,0.017584391867244125,0.017809670018616865,1.0,0.66663784,-0.019028058242308035,-1,2013-04-03 00:00:00+05:30
2013-04-03 00:00:00+05:30,48.85,48.9,46.7,46.85,1087902,-0.02901554404145079,0.024043715846994607,-0.03501544799176104,0.022925764192139875,0.2028241335044929,-0.025613660618996836,0.33062691818985,-0.09126006183420543,0.02945125471909904,0.017921213446519837,0.0176193427645892,1.0,0.57060355,-0.025947401643453757,-1,2013-04-04 00:00:00+05:30
2013-04-04 00:00:00+05:30,46.5,47.65,45.35,45.65,1575993,-0.025613660618996836,0.024691358024691468,-0.06836734693877555,-0.03691983122362874,0.19190600522193213,0.024096385542168752,0.16279632973174785,-0.14142592665509568,0.0009005626917968357,0.01834714753169341,0.01765933321544536,1.0,0.5566647,0.06979576193554193,1,2013-04-11 00:00:00+05:30
2013-04-05 00:00:00+05:30,45.75,47.0,45.7,46.75,1063788,0.024096385542168752,0.02634467618002212,-0.0380658436213992,-0.01991614255765206,0.1731493099121706,0.0032085561497325887,0.1962545072398285,-0.0986903095988012,0.018618341426204665,0.01902810285790375,0.01787932896769797,1.0,0.55019355,0.04598511324182343,1,2013-04-11 00:00:00+05:30
2013-04-11 00:00:00+05:30,47.5,49.35,47.35,48.95,1742964,0.037076271186440746,0.07819383259911894,0.01873048907388153,0.04371002132196167,0.20864197530864215,-0.012257405515832542,0.5835552846980576,0.21521693061021807,0.18008653801830832,0.020126950364493152,0.018257546601877315,1.0,0.6068131,-0.023773729479109187,-1,2013-04-15 00:00:00+05:30
2013-04-15 00:00:00+05:30,48.35,49.65,47.65,47.8,1808082,-0.011375387797311398,0.027956989247311714,0.0,0.05402425578831305,0.21166032953105174,-0.0010460251046024993,0.6887530984170667,0.37553278875506635,0.28624413863607145,0.02049602678794288,0.018217496631023834,1.0,0.5178239,-0.028649174237562688,-1,2013-04-26 00:00:00+05:30
2013-04-26 00:00:00+05:30,47.85,47.95,45.9,46.45,2943951,-0.03730569948186524,0.009782608695652284,0.003239740820734527,0.056882821387940874,0.14975247524752477,0.01829924650161452,0.34356059513216053,0.4605882054423347,0.4501291699792773,0.021283538935881554,0.017379008953605748,1.0,0.60984373,0.013896535762524618,1,2013-05-13 00:00:00+05:30
2013-04-30 00:00:00+05:30,47.5,48.3,46.9,47.9,1211997,0.012684989429175397,0.060908084163898035,0.07399103139013441,0.10241657077100097,0.23294723294723285,-0.008350730688935215,0.3117691448954858,0.45329685753515037,0.4717053714399526,0.021506231817232914,0.01739089761592674,1.0,0.5195457,-0.026442577123516733,-1,2013-05-14 00:00:00+05:30
2013-05-13 00:00:00+05:30,47.35,47.9,46.65,47.1,438300,-0.00737618545837726,0.010729613733905685,-0.009463722397476282,-0.00737618545837726,0.20924261874197692,-0.009554140127388644,0.06778129556997214,0.33112997830043867,0.48948437108715837,0.015520270523087699,0.016609096736487684,1.0,0.5120399,-0.019293202934678896,-1,2013-05-23 00:00:00+05:30
2013-05-15 00:00:00+05:30,46.9,47.7,46.85,47.55,842655,0.019292604501607746,-0.028600612870275932,0.0,-0.050898203592814495,0.24967148488830482,0.01051524710830698,-0.012969169818532578,0.2545047693576237,0.4552012718067999,0.013580500502675978,0.016841816405579177,1.0,0.5352199,-0.021254785268323216,-1,2013-05-22 00:00:00+05:30
2013-05-20 00:00:00+05:30,47.2,48.1,46.85,47.0,427779,-0.01364113326337879,-0.015706806282722474,-0.008438818565400852,-0.04276985743380857,0.3128491620111733,0.0021276595744681437,0.017552743573460816,0.24274742755903134,0.4556396318802385,0.013870957772473509,0.016955128070570473,1.0,0.5220408,-0.01716780362236533,-1,2013-05-23 00:00:00+05:30
2013-05-23 00:00:00+05:30,46.55,46.75,45.2,46.2,1137834,-0.007518796992481036,-0.04347826086956508,-0.01492537313432829,-0.020148462354188656,0.27800829875518684,-0.009740259740259827,-0.2665200154056606,0.04168601061763155,0.34668448015411,0.01324746758018005,0.016578008997689426,1.0,0.5120521,-0.015267472130788533,-1,2013-05-27 00:00:00+05:30
2013-05-27 00:00:00+05:30,45.5,45.85,45.3,45.5,772368,-0.005464480874316946,-0.05699481865284972,-0.04210526315789476,-0.013015184381778733,0.2656467315716271,0.003296703296703285,-0.5518475461769015,-0.1825184896600902,0.21105775463117027,0.010003075005694471,0.01633675629090587,1.0,0.50993216,0.044069463034494424,1,2013-06-05 00:00:00+05:30
2013-06-04 00:00:00+05:30,45.35,46.6,45.35,46.4,516936,0.02428256070640189,-0.030303030303030387,0.01866081229418226,-0.028272251308900542,0.2574525745257452,0.024784482758620552,-0.6152904869475222,-0.5188729139262023,-0.09588164440843627,0.009969038408974272,0.015188978041995399,1.0,0.55730027,-0.018488835526242312,-1,2013-06-11 00:00:00+05:30
2013-06-05 00:00:00+05:30,46.4,47.65,46.25,47.55,1259343,0.024784482758620552,-0.003144654088050425,0.03934426229508192,-0.0295918367346939,0.2956403269754766,-0.002103049421661285,-0.31818634859094175,-0.3918633555664073,-0.054439972012922055,0.011517162332779537,0.01547606441604649,1.0,0.557231,-0.01803762431654757,-1,2013-06-07 00:00:00+05:30
2013-06-07 00:00:00+05:30,47.45,47.75,46.55,46.7,338892,-0.015806111696522684,-0.015806111696522684,0.02524698133918779,-0.024033437826541215,0.3173483779971791,-0.017130620985010836,-0.07280056742382612,-0.2603357058560576,-0.018746875984184896,0.01205923444726203,0.015539476800959523,1.0,0.5291022,-0.017279047608352287,-1,2013-06-10 00:00:00+05:30
2013-06-10 00:00:00+05:30,46.85,47.1,45.75,45.9,256617,-0.017130620985010836,-0.03266596417281353,-0.0010881392818281599,-0.034700315457413256,0.2984441301272984,-0.007625272331154731,-0.15569099597441038,-0.29529887233861274,-0.04933668751466058,0.012530328580894047,0.015707004809835265,1.0,0.5330329,-0.03660974561256093,-1,2013-06-13 00:00:00+05:30
2013-06-13 00:00:00+05:30,45.35,45.45,44.1,44.25,536007,-0.027472527472527486,-0.0694006309148264,-0.025330396475770844,-0.06645569620253167,0.21733149931224194,0.03841807909604533,-0.5684647251773711,-0.5345142584990086,-0.21918143854358618,0.012411076186171766,0.015834368954669272,1.0,0.5748304,0.03769847734775766,1,2013-06-14 00:00:00+05:30
2013-06-14 00:00:00+05:30,44.5,46.35,44.5,45.95,640905,0.03841807909604533,-0.04370447450572312,-0.00969827586206884,-0.03161222339304526,0.2606310013717421,0.0043525571273121955,-0.47966906704441215,-0.5159215409655573,-0.23112738177264447,0.015562352571705221,0.016456560788604257,1.0,0.6207021,0.01832935412190479,1,2013-06-28 00:00:00+05:30
2013-06-24 00:00:00+05:30,46.0,46.3,45.0,45.4,468411,-0.013043478260869601,-0.007650273224043769,0.0033149171270718814,-0.059067357512953444,0.26638772663877264,0.016519823788546217,-0.2808348359214179,-0.45294639171819995,-0.2982968906483876,0.015235359074864369,0.015925321483704475,1.0,0.5215595,0.030371097876298766,1,2013-06-28 00:00:00+05:30
2013-06-25 00:00:00+05:30,45.2,46.75,45.1,46.15,710235,0.016519823788546217,0.014285714285714235,0.003260869565217428,-0.010718113612004254,0.27662517289073296,-0.007583965330444253,-0.20560842316000816,-0.4160063308087132,-0.29368069935082985,0.015666788499353306,0.01601089291475617,1.0,0.529233,0.033034436945434474,1,2013-07-02 00:00:00+05:30
2013-06-28 00:00:00+05:30,46.1,47.0,46.1,46.8,361383,0.02183406113537112,0.03197353914002199,0.03654485049833878,-0.005313496280552554,0.207741935483871,0.012820512820512775,-0.03682668747500628,-0.31728642447724553,-0.27853104534157325,0.01631272560802445,0.014975519189137457,1.0,0.5474187,0.04695698308777108,1,2013-07-09 00:00:00+05:30
2013-07-02 00:00:00+05:30,47.05,48.3,47.05,47.7,540222,0.006329113924050667,0.052980132450331174,-0.0010471204188481353,-0.0020920502092048876,0.23896103896103904,-0.032494758909853316,0.337193491572755,-0.07255290848336671,-0.16160854863832697,0.015690604461284955,0.014205654360480413,1.0,0.50854105,-0.03303443694543444,-1,2013-07-03 00:00:00+05:30
2013-07-03 00:00:00+05:30,47.65,47.65,45.95,46.15,677181,-0.032494758909853316,-0.0053879310344827624,-0.04352331606217619,-0.04253112033195028,0.20182291666666674,0.017334777898158293,0.2390084164988835,-0.08534681903175567,-0.16595933995957068,0.016426864958423187,0.014510202399934337,1.0,0.602199,0.0609432250625109,1,2013-07-09 00:00:00+05:30
2013-07-04 00:00:00+05:30,46.2,47.35,46.2,46.95,437868,0.017334777898158293,-0.012618296529968376,0.002134471718249653,-0.03295571575695144,0.203846153846154,0.0021299254526090383,0.27828027981937,-0.03430038405034708,-0.1377647892195597,0.016947673436437466,0.014678619194708047,1.0,0.5315893,0.043756980357100086,1,2013-07-09 00:00:00+05:30
2013-07-09 00:00:00+05:30,47.5,49.55,47.45,49.05,2260038,0.033719704952581475,0.06862745098039214,0.04584221748400852,-0.0248508946322068,0.2247191011235956,-0.0050968399592252744,0.6700643614749993,0.2756104266733814,0.040564149460472265,0.01743548362991801,0.014464760936121406,1.0,0.6046645,-0.021639175103481068,-1,2013-07-11 00:00:00+05:30
2013-07-11 00:00:00+05:30,48.75,48.75,47.7,48.0,802398,-0.016393442622950727,0.05494505494505497,0.016949152542372836,-0.009287925696594534,0.19850187265917607,0.002083333333333437,0.7995531226698631,0.46335201296200523,0.1735198283010817,0.016634853297720863,0.014473205008584138,1.0,0.5308993,0.06062462181643485,1,2013-07-16 00:00:00+05:30
2013-07-15 00:00:00+05:30,47.9,49.25,47.7,49.0,902862,0.018711018711018657,0.06637649619151254,0.013443640124095158,0.04144527098831041,0.23425692695214106,0.04081632653061229,0.8880677100494268,0.6209002553895715,0.29945710909615997,0.01500513898028359,0.014633637043802898,1.0,0.5357968,0.040005334613699206,1,2013-07-16 00:00:00+05:30
2013-07-16 00:00:00+05:30,48.6,51.3,48.2,51.0,3265047,0.04081632653061229,0.1050920910075841,0.06694560669456062,0.06694560669456062,0.26865671641791034,0.0019607843137254832,1.230712312181339,0.8632694057918187,0.45169037498304476,0.017110118975911724,0.015463609495482141,1.0,0.6446922,-0.021804629966852826,-1,2013-07-25 00:00:00+05:30
2013-07-25 00:00:00+05:30,51.4,51.65,49.05,49.9,2676234,-0.02539062500000011,0.08951965065502177,0.07427341227125939,0.0777537796976242,0.2126366950182259,0.07314629258517025,1.5004224564887991,1.664350390028936,1.2179084355173444,0.017977880808235865,0.014602653984728865,1.0,0.5655237,0.07059479413628471,1,2013-07-26 00:00:00+05:30
2013-07-26 00:00:00+05:30,51.65,54.25,51.5,53.55,5610090,0.07314629258517025,0.16921397379912673,0.13213530655391126,0.22120866590649935,0.3092909535452322,0.029878618113912347,1.8028299194294206,1.8888493763940772,1.3897910662327178,0.02342547572410651,0.017290760762605585,1.0,0.84552836,0.0465200156348929,1,2013-08-08 00:00:00+05:30
2013-07-29 00:00:00+05:30,53.85,55.45,53.2,55.15,4271529,0.029878618113912347,0.17841880341880345,0.15135699373695188,0.23654708520179368,0.34512195121951206,-0.036264732547597434,2.2147245054548534,2.1927105863362755,1.6101706923470047,0.0239525947375476,0.017647225432945595,1.0,0.5727437,-0.03693864091155451,-1,2013-07-30 00:00:00+05:30
2013-07-30 00:00:00+05:30,55.35,55.35,52.55,53.15,2117397,-0.036264732547597434,0.12130801687763704,0.11894736842105269,0.16048034934497823,0.2791817087845969,-0.012229539040451542,2.185640640247186,2.285689350638677,1.7309383637425597,0.025910158614875056,0.018332161926599675,1.0,0.6058894,0.054017707740693796,1,2013-08-08 00:00:00+05:30
2013-08-05 00:00:00+05:30,52.65,54.3,52.1,53.85,2036640,0.026692087702573808,0.144527098831031,0.13368421052631585,0.14941302027748127,0.3513174404015056,-0.012999071494893322,1.8388711484954854,2.4069793091910796,2.079102015867811,0.02525916969810757,0.018715073878044358,1.0,0.55952173,-0.023486283858733414,-1,2013-08-07 00:00:00+05:30
2013-08-07 00:00:00+05:30,53.35,54.2,52.25,52.6,1609965,-0.010348071495766664,0.07237512742099916,0.10853530031612224,0.12034078807241744,0.305210918114144,0.06653992395437269,1.5643180074743412,2.3606195583762926,2.1915035906469598,0.02491149319429812,0.01869397748814117,1.0,0.51626015,0.06441969278498652,1,2013-08-08 00:00:00+05:30
2013-08-08 00:00:00+05:30,53.0,56.75,52.8,56.1,5291007,0.06653992395437269,0.14959016393442637,0.19108280254777066,0.17981072555205047,0.39033457249070636,0.017825311942959,1.9067963008932693,2.5755292532214753,2.366447541611592,0.028036628119346294,0.0204506285186806,1.0,0.789532,0.01591545530589958,1,2013-08-26 00:00:00+05:30
2013-08-19 00:00:00+05:30,55.85,56.65,53.9,55.55,1794084,-0.011565836298932486,0.08708414872798431,0.18191489361702118,0.17194092827004215,0.3699136868064119,0.03060306030603055,2.2716871703822363,3.1786257756191745,3.0826708488513006,0.02767179616172765,0.020478801294502517,1.0,0.5184517,0.047460576360171064,1,2013-08-29 00:00:00+05:30
2013-08-20 00:00:00+05:30,54.65,57.55,54.5,57.25,1825173,0.03060306030603055,0.1192570869990226,0.2154989384288748,0.22198505869797214,0.41532756489493194,-0.02008733624454151,2.3276729760730746,3.2698238707202236,3.2114797190008275,0.028191687723590344,0.02070514230916447,1.0,0.5742217,-0.00965343170064262,-1,2013-09-03 00:00:00+05:30
2013-08-28 00:00:00+05:30,55.9,58.55,54.4,57.9,2729499,0.0229681978798586,0.08123249299719881,0.2711306256860593,0.21003134796238232,0.41219512195121943,0.006044905008635526,1.8764120389297219,3.2411775551128983,3.648470847855691,0.02250343613302358,0.021016476062741776,1.0,0.5453432,-0.024476746426554313,-1,2013-09-10 00:00:00+05:30
2013-09-03 00:00:00+05:30,58.2,58.4,56.5,56.7,1355364,-0.02409638554216864,0.07082152974504252,0.22198275862068972,0.24478594950603738,0.3829268292682928,0.032627865961199154,1.644601236889045,3.2023582672272823,3.8974750924514368,0.021182305917408613,0.02088277020154626,1.0,0.5518606,-0.022292496937330316,-1,2013-09-13 00:00:00+05:30
2013-09-04 00:00:00+05:30,57.15,59.05,56.5,58.55,1755414,0.032627865961199154,0.11630123927550029,0.2313354363827551,0.2797814207650273,0.4297924297924296,-0.013663535439795038,1.6777723827898114,3.217643460915305,3.9638967896277535,0.021553658822448335,0.021039044191130993,1.0,0.58355343,-0.035640451891331,-1,2013-09-10 00:00:00+05:30
2013-09-10 00:00:00+05:30,58.25,58.3,56.2,56.5,1863321,-0.017391304347826098,0.07414448669201512,0.23093681917211328,0.22959738846572364,0.27539503386004527,-0.005309734513274322,1.1349744435902025,2.898715505869255,3.9570093173993683,0.016246550991154136,0.020912523381809666,1.0,0.5311212,-0.036957788773425704,-1,2013-09-16 00:00:00+05:30
2013-09-16 00:00:00+05:30,56.5,56.5,54.25,54.45,1149321,-0.01803426510369699,-0.041373239436619635,0.18498367791077253,0.17349137931034497,0.20464601769911495,-0.010101010101010166,0.08905450199294052,2.0953143222743407,3.6537250671002397,0.016320737801355262,0.020791205726019276,1.0,0.5327564,0.04137280698254249,1,2013-09-19 00:00:00+05:30
2013-09-18 00:00:00+05:30,53.35,55.85,53.35,55.7,1801044,0.03339517625231925,0.0027002700270029045,0.2108695652173913,0.20824295010845995,0.2108695652173913,0.018850987432674993,-0.2096793527141827,1.7117435720776015,3.4546431709945793,0.016574225386118285,0.02119815476729136,1.0,0.5877272,0.006264002584930415,1,2013-10-03 00:00:00+05:30
2013-09-23 00:00:00+05:30,54.75,55.7,54.5,54.7,576762,-0.019713261648745428,-0.03356890459363959,0.18913043478260883,0.18015102481121903,0.21962095875139354,0.00822669104204743,-0.21180890982771672,1.426295298631544,3.276255269014726,0.01734855299525377,0.021441694493740646,1.0,0.5374389,0.04643691429275824,1,2013-10-07 00:00:00+05:30
2013-09-30 00:00:00+05:30,55.5,56.75,55.25,56.3,1994361,0.013501350135013412,-0.033476394849785485,0.20299145299145294,0.24695459579180512,0.2373626373626374,-0.01243339253996445,-0.12236332870609345,1.0424668148774856,2.9520407890212255,0.016834804112556757,0.02082514903875517,1.0,0.52077353,-0.025181186630159696,-1,2013-10-15 00:00:00+05:30
2013-10-07 00:00:00+05:30,56.1,57.65,56.1,57.3,2161191,0.021390374331550666,-0.021349274124679796,0.2204472843450478,0.22305229455709696,0.25109170305676853,-0.006108202443280919,0.2409479418777707,1.0391276451933678,2.8375658876443453,0.014914761428141013,0.020596371595200145,1.0,0.5407723,-0.01760608857504924,-1,2013-10-09 00:00:00+05:30
2013-10-09 00:00:00+05:30,56.8,57.4,56.2,56.3,1449942,-0.011413520632133523,-0.02086956521739136,0.18651211801896728,0.20427807486631,0.18029350104821784,-0.006216696269982114,0.3125865770487053,1.044728632284901,2.7958907260453714,0.014643934954744081,0.020534714921008307,1.0,0.5181165,-0.025181186630159696,-1,2013-10-15 00:00:00+05:30
2013-10-15 00:00:00+05:30,55.8,55.9,54.5,54.9,1470621,-0.010810810810810811,-0.009918845807033394,0.14137214137214138,0.12155260469867213,0.17057569296375275,-0.0018214936247723523,-0.09666202178591021,0.7332407454230676,2.5391121322772108,0.013816930247314837,0.019931706477764294,1.0,0.5170253,0.033142307846027105,1,2013-10-24 00:00:00+05:30
2013-10-22 00:00:00+05:30,54.35,56.1,54.25,55.85,1754379,0.028545119705340793,-0.01585903083700435,0.09188660801564041,0.15991692627206655,0.25083986562150073,0.0107430617726052,-0.31627977185480916,0.40313291264970985,2.226151681688279,0.011800591604207364,0.020203699251466277,1.0,0.5675981,0.04550216240286773,1,2013-11-01 00:00:00+05:30
2013-10-24 00:00:00+05:30,56.7,57.65,56.0,56.75,4342449,0.005314437555358653,0.03747714808043878,0.09874152952565352,0.17494824016563149,0.2752808988764044,-0.022907488986784075,0.05786699532406914,0.5272245751015063,2.2174755973442686,0.01097645028448565,0.019860123911493985,1.0,0.5095417,-0.023173942565135948,-1,2013-10-25 00:00:00+05:30
2013-10-25 00:00:00+05:30,57.2,57.75,55.25,55.45,3247524,-0.022907488986784075,0.005439709882139709,0.07149758454106281,0.1649159663865547,0.24746906636670407,-0.006311992786294018,0.002334374477065637,0.48250945455693284,2.1633168920842607,0.012224977844791861,0.017822334296752663,1.0,0.54835004,0.036303234006928746,1,2013-10-29 00:00:00+05:30
2013-10-29 00:00:00+05:30,55.3,57.65,55.15,57.5,2598912,0.04355716878402904,0.04355716878402904,0.1523046092184368,0.2378902045209903,0.3083048919226392,-0.008695652173912993,0.19158010072766984,0.5411077881072828,2.1289345924077168,0.015627504532184585,0.017647100913627603,1.0,0.64448524,0.04837599974023578,1,2013-11-05 00:00:00+05:30
2013-11-01 00:00:00+05:30,57.5,58.65,57.5,58.45,1327944,0.013876843018213458,0.05125899280575541,0.09971777986829733,0.2305263157894737,0.3593023255813954,0.03250641573994861,0.723940523684405,0.8534120128116669,2.2221407795428334,0.015569724231132167,0.017639650608573924,1.0,0.5214803,0.056540410920419566,1,2013-11-06 00:00:00+05:30
2013-11-05 00:00:00+05:30,58.9,60.75,58.5,60.35,1881942,0.03250641573994861,0.07671721677074039,0.14952380952380961,0.2572916666666667,0.377853881278539,0.024855012427506207,1.1466802598974724,1.1177212550610562,2.3474120639097364,0.016970450461385542,0.017793138984931286,1.0,0.5846655,0.04058998749271598,1,2013-11-12 00:00:00+05:30
2013-11-06 00:00:00+05:30,60.4,62.15,60.35,61.85,1974897,0.024855012427506207,0.1024955436720143,0.16808309726156745,0.2925809822361547,0.4317129629629628,-0.006467259498787348,1.6421219331895287,1.4512952415743499,2.519712683780064,0.01717597485143676,0.01792097944596103,1.0,0.5524522,-0.014658242911216337,-1,2013-11-21 00:00:00+05:30
2013-11-12 00:00:00+05:30,61.65,64.5,61.65,62.85,2284062,0.018638573743922082,0.12332439678284168,0.19486692015209117,0.32455216016859856,0.36038961038961026,-0.014319809069212375,2.4288288302489818,2.337766639312356,3.0814215752892338,0.01706378797649151,0.015882630540496767,1.0,0.53267735,-0.020089064496782303,-1,2013-11-18 00:00:00+05:30
2013-11-18 00:00:00+05:30,62.25,63.3,61.2,61.6,1393197,-0.004846526655896577,0.12204007285974505,0.07317073170731714,0.29547844374342813,0.22954091816367272,0.0008116883116882079,2.171561207353477,2.550465972935477,3.330801891916913,0.017156119209399103,0.015792024649271583,1.0,0.50974303,0.039782493387150175,1,2013-11-27 00:00:00+05:30
2013-11-25 00:00:00+05:30,62.2,62.8,61.55,62.0,1252179,0.0024252223120453387,0.0983170947741363,0.10516934046345816,0.33190118152524173,0.2770339855818744,0.0008064516129031585,1.5593594858383497,2.4995860653832906,3.5227382457505882,0.016544157730814028,0.015208576620946051,1.0,0.5078454,0.03330997888153264,1,2013-11-27 00:00:00+05:30
2013-11-27 00:00:00+05:30,62.4,64.5,62.05,64.1,1898787,0.03303787268331981,0.155996393146979,0.12852112676056326,0.4010928961748632,0.3784946236559139,0.012480499219968966,1.727835827348791,2.6342255782429973,3.6675043456426764,0.016146944458298004,0.015460477349030614,1.0,0.58787215,0.046484559042622484,1,2013-12-06 00:00:00+05:30
2013-12-05 00:00:00+05:30,65.55,65.55,64.6,65.3,1798530,0.010835913312693624,0.08202154101077053,0.12392426850258165,0.4415011037527594,0.3604166666666666,0.02833078101071984,2.0535782454402636,3.1071714532172336,4.2003812219045855,0.011072153190331958,0.014470039875532392,1.0,0.5157327,0.030910866573987495,1,2013-12-10 00:00:00+05:30
2013-12-06 00:00:00+05:30,65.4,67.65,65.2,67.15,3132840,0.02833078101071984,0.08569118835893308,0.1843033509700176,0.4471982758620692,0.40628272251308917,-0.007446016381235987,2.307197390704232,3.28946667140076,4.346074356897361,0.012218124991893524,0.014831879608608763,1.0,0.56675303,-0.01803204380592305,-1,2013-12-11 00:00:00+05:30
2013-12-11 00:00:00+05:30,67.35,67.55,65.7,65.95,714075,-0.02078693392724562,0.06888168557536467,0.14695652173913043,0.41220556745182013,0.3782654127481715,-0.0098559514783928,2.3167306256613287,3.490736010282184,4.627913065276026,0.013012521936079274,0.014972277673575838,1.0,0.54216343,-0.03706988152786064,-1,2013-12-13 00:00:00+05:30
2013-12-13 00:00:00+05:30,65.15,65.25,63.1,63.55,1290810,-0.02679938744257271,0.025827280064568026,0.1307829181494662,0.39517014270032935,0.330890052356021,0.02124311565696324,1.5972062147428545,3.1839504473695612,4.580980041686715,0.014346949020883862,0.015094046232994268,1.0,0.56423354,0.13726164137914948,1,2013-12-18 00:00:00+05:30
2013-12-16 00:00:00+05:30,63.7,65.0,63.3,64.9,1586184,0.02124311565696324,0.048465266558966213,0.1507092198581561,0.4263736263736264,0.35067637877211255,0.007704160246533087,1.4269499709518243,3.0842354991113012,4.572236480625634,0.014922349467960517,0.015185970265268125,1.0,0.540645,0.11624101530456817,1,2013-12-18 00:00:00+05:30
2013-12-18 00:00:00+05:30,65.95,75.25,65.65,72.9,20566245,0.1146788990825689,0.18248175182481763,0.33884297520661155,0.5865070729053319,0.5363540569020022,-0.020576131687242816,2.339073743097856,3.5337133452819955,4.87839463161901,0.029011729116447137,0.020507787020488204,0.47619048,0.96957296,0.06505279216973335,1,2013-12-23 00:00:00+05:30
2013-12-23 00:00:00+05:30,72.9,78.9,72.6,77.8,11288181,0.06721536351165969,0.257881972514147,0.37092511013215845,0.691304347826087,0.6225234619395201,0.00899742930591274,4.265844056157832,4.836762696699999,5.751191822464705,0.032309988976113126,0.021965442250844645,0.52380955,0.5626572,0.020356937068744314,1,2014-01-07 00:00:00+05:30
2013-12-26 00:00:00+05:30,78.6,79.7,75.7,76.0,5133642,-0.031847133757961776,0.22481869460112813,0.38939670932358306,0.6521739130434783,0.589958158995816,0.021710526315789513,5.0741252086393445,5.69542358623255,6.41875380566637,0.033265349350466475,0.022472374348771387,0.52380955,0.55634534,0.0587653092262514,1,2014-01-03 00:00:00+05:30
2014-01-01 00:00:00+05:30,77.2,78.75,77.0,78.2,3124860,0.014267185473411326,0.21240310077519386,0.40774077407740794,0.7074235807860263,0.6567796610169492,-0.019181585677749413,5.102572454374865,6.554535301788604,7.412166503309599,0.03337449334133917,0.022537707616796607,0.9047619,0.53085065,-0.027878628845963593,-1,2014-01-10 00:00:00+05:30
2014-01-03 00:00:00+05:30,76.2,81.3,75.7,80.6,7277418,0.05084745762711851,0.24767801857585137,0.44964028776978404,0.7004219409282699,0.7058201058201057,-0.005583126550868345,5.0385650178779,6.834959263160201,7.842660263674411,0.03524234604716718,0.0234172034110359,1.0,0.5554503,-0.041804693919206326,-1,2014-01-09 00:00:00+05:30
2014-01-09 00:00:00+05:30,78.85,79.75,76.3,77.3,3857250,-0.023989898989899006,0.14773570898292498,0.35733099209833186,0.6429330499468651,0.5775510204081633,-0.016170763260025867,4.110188969742069,6.851194895995576,8.433336964027326,0.0354842948153768,0.023665386761434454,1.0,0.54243004,-0.04972850854592973,-1,2014-01-17 00:00:00+05:30
2014-01-14 00:00:00+05:30,77.35,79.05,77.0,78.2,1989417,0.009683666881859176,0.2305271439811174,0.3989266547406083,0.6024590163934427,0.5926680244399185,-0.020460358056266115,2.9965712975981944,6.282154436804262,8.483598387736222,0.03467639652683514,0.023717469231908272,1.0,0.5254845,-0.06130420050381898,-1,2014-01-17 00:00:00+05:30
2014-01-17 00:00:00+05:30,77.2,77.55,73.2,73.55,2771619,-0.047896440129449824,0.008916323731138487,0.34215328467153294,0.5010204081632652,0.5632306057385761,0.029911624745071475,1.606590775756672,5.367778177209857,8.260388374731619,0.02704325858778397,0.024698181417819317,1.0,0.57936174,0.08904872913747425,1,2014-01-21 00:00:00+05:30
2014-01-20 00:00:00+05:30,74.4,76.45,74.25,75.75,4701270,0.029911624745071475,0.060924369747899165,0.38609332113449235,0.4852941176470589,0.5847280334728033,0.06138613861386144,1.359959245649904,5.110137639770429,8.1787259456826,0.027445886183458064,0.024898337887830132,1.0,0.539056,0.05957573179544222,1,2014-01-21 00:00:00+05:30
2014-01-21 00:00:00+05:30,76.1,80.9,75.15,80.4,7983861,0.06138613861386144,0.10288065843621408,0.4806629834254146,0.5733855185909982,0.6890756302521008,-0.006840796019900619,1.8206369641841746,5.224810953751373,8.279316149577625,0.026741858332767144,0.025933129290204835,1.0,0.5900235,-0.06686294522912659,-1,2014-01-23 00:00:00+05:30
2014-01-23 00:00:00+05:30,77.45,78.0,74.7,75.2,7524255,-0.05823418910457101,-0.042038216560509545,0.3321523472099204,0.4759568204121687,0.6034115138592753,-0.056515957446808485,1.4988373492953855,4.8971643687224145,8.198551022100176,0.029026709658993868,0.026987661421882077,1.0,0.59814787,-0.05817582734974244,-1,2014-01-24 00:00:00+05:30
2014-01-24 00:00:00+05:30,75.2,75.35,70.55,70.95,6913221,-0.056515957446808485,-0.06644736842105259,0.2502202643171807,0.3736689254598258,0.5127931769722816,-0.009866102889358741,0.48073795964788246,4.244676347691097,7.888661757486219,0.031123626324759488,0.027682130929003075,1.0,0.58815604,0.022300575724145143,1,2014-02-07 00:00:00+05:30
2014-01-31 00:00:00+05:30,70.35,73.6,70.1,72.7,4797708,0.03931379556826298,-0.052151238591916504,0.26105810928013895,0.3182230281051679,0.6300448430493273,0.011004126547455195,-1.376838448297022,2.0578215435657086,6.564865817179609,0.03003897550304117,0.027797938500064023,1.0,0.5526936,-0.03285860097907578,-1,2014-02-06 00:00:00+05:30
2014-02-04 00:00:00+05:30,73.55,73.6,70.9,71.2,3427113,-0.03129251700680269,-0.1116656269494698,0.17978458989229495,0.35619047619047617,0.5278969957081545,-0.0014044943820226141,-1.2577965879909243,1.6749617484478705,6.213196394455309,0.030842714563747667,0.028127212260751967,1.0,0.546602,0.021536087633671687,1,2014-02-18 00:00:00+05:30
2014-02-07 00:00:00+05:30,70.65,72.8,70.65,72.55,4277553,0.03127221037668804,-0.06144890038809836,0.16827697262479857,0.3472609099350046,0.5485592315901813,0.008270158511371584,-1.248570375252683,1.0799255091765332,5.627976962052287,0.03141199410884783,0.02824008995133857,1.0,0.5426997,0.017760029647191977,1,2014-02-21 00:00:00+05:30
2014-02-19 00:00:00+05:30,72.75,74.15,72.5,73.4,2407764,0.008934707903780037,-0.08706467661691542,0.2042657916324857,0.32133213321332144,0.548523206751055,-0.0027247956403270157,-0.34921617507151836,0.6501604309342781,4.633742953326632,0.0243522983402141,0.028325327161355152,1.0,0.52284783,0.0328337701740711,1,2014-03-06 00:00:00+05:30
2014-02-28 00:00:00+05:30,73.4,76.65,72.85,76.4,4430205,0.04442925495557071,0.07152875175315576,0.1835786212238577,0.34982332155477036,0.6272630457933972,-0.00981675392670156,0.605304211710191,1.0164962069968908,4.358215927199595,0.018110641304692806,0.028606837246485245,1.0,0.5716411,-0.03665855326383549,-1,2014-03-07 00:00:00+05:30
2014-03-07 00:00:00+05:30,75.85,76.6,73.25,73.65,2649639,-0.029004614370467863,0.035864978902953704,0.0967982129560685,0.29894179894179906,0.6169045005488476,-0.024439918533605054,0.8508191139667503,1.3630310143389863,4.315250723857147,0.015892316129588288,0.028553090285862465,1.0,0.5469832,-0.024743530383605515,-1,2014-03-10 00:00:00+05:30
2014-03-10 00:00:00+05:30,73.5,74.65,71.55,71.85,2157714,-0.024439918533605054,0.021321961620469176,0.07801950487621889,0.22715627668659266,0.5704918032786883,0.0027835768963118124,0.35184919428357375,1.1168585839462963,4.149726349326954,0.015444006870123796,0.02871935274244004,1.0,0.538962,0.007625686866636835,1,2014-03-25 00:00:00+05:30
2014-03-18 00:00:00+05:30,72.4,73.65,72.1,73.2,1552926,0.015961138098542715,0.02736842105263171,0.12788906009244982,0.2978723404255319,0.6141124586549063,-0.013661202185792365,-0.4385215553186157,0.42703005673917005,3.504661092937468,0.01581150362610629,0.024235592277813526,1.0,0.52567625,-0.039002157803269086,-1,2014-03-26 00:00:00+05:30
2014-03-26 00:00:00+05:30,72.45,72.7,70.2,70.4,1269720,-0.027624309392265234,-0.046716316858496754,-0.10318471337579616,0.2616487455197134,0.5472527472527473,-0.017755681818181768,-0.74227626231702,-0.09572198189843562,2.8234214811814837,0.016657224872157914,0.022171552201126522,1.0,0.5811397,0.04104924142499387,1,2014-04-02 00:00:00+05:30
2014-03-31 00:00:00+05:30,70.5,71.65,69.85,70.75,2273241,0.007117437722419906,-0.03280929596719073,-0.07997399219765933,0.2875341219290264,0.5380434782608696,0.014840989399293347,-1.1235341858934618,-0.5466523963447543,2.348393069718,0.013716860202198727,0.022193862594714998,1.0,0.5095966,0.06166336710563812,1,2014-04-15 00:00:00+05:30
2014-04-02 00:00:00+05:30,71.7,74.25,71.7,73.35,3241251,0.021587743732590425,-0.030403172504957166,-0.06202046035805642,0.3204320432043204,0.6085526315789471,-0.012951601908656962,-0.5476406320344722,-0.3779042710966536,2.270415737377988,0.015147819373002927,0.021435891847188415,1.0,0.5491571,-0.03185865004588103,-1,2014-04-07 00:00:00+05:30
2014-04-07 00:00:00+05:30,72.3,72.6,70.5,71.05,1368924,-0.015246015246015321,-0.06328279499011202,-0.11353711790393028,0.26761819803746656,0.48795811518324594,0.00211118930330767,-0.42329847693379463,-0.36531915122127145,2.0695391874514684,0.014275342151741768,0.021337989487327288,1.0,0.528141,0.05743204908587561,1,2014-04-15 00:00:00+05:30
2014-04-11 00:00:00+05:30,71.4,73.35,71.4,73.05,3242508,0.02310924369747891,0.013879250520471897,-0.054980595084087924,0.28270412642669007,0.6002190580503834,0.03011635865845319,-0.2072150503605883,-0.3053311915145116,1.9034396168035244,0.014207001942580389,0.021292627235331537,1.0,0.5577881,0.04221732449589223,1,2014-04-16 00:00:00+05:30
2014-04-15 00:00:00+05:30,73.5,76.15,73.1,75.25,5383035,0.03011635865845319,0.03864734299516903,-0.01051939513477973,0.33658969804618133,0.6096256684491979,0.012624584717608078,0.28711430295719254,-0.03727506975182848,1.9845731373389839,0.015195278266455392,0.021505647864280726,1.0,0.5911274,0.09500811062818716,1,2014-04-21 00:00:00+05:30
2014-04-21 00:00:00+05:30,76.85,85.6,76.65,82.75,24520668,0.091688654353562,0.13046448087431695,0.08028720626631869,0.4909909909909911,0.7531779661016949,-0.01631419939577028,2.2133889016802897,1.2041756380182704,2.5287639045653094,0.024700429635894028,0.023447892018657497,1.0,0.88407934,-0.06104011597716499,-1,2014-04-23 00:00:00+05:30
2014-04-23 00:00:00+05:30,81.65,81.8,77.4,77.85,5947404,-0.04361179361179379,0.08350730688935282,0.05846363018354861,0.4206204379562044,0.6101344364012409,0.014129736673089477,2.694114755102831,1.8453434957200727,2.894172806234579,0.0275137551135861,0.022911674561572497,1.0,0.58636594,0.00831472650835556,1,2014-05-09 00:00:00+05:30
2014-05-07 00:00:00+05:30,78.2,80.65,78.2,79.9,3001266,0.017834394904458595,0.11281337047353768,0.12061711079943915,0.38956521739130445,0.7201291711517761,0.006257822277847325,2.053046386078364,2.563588138700865,3.6021829000570165,0.02626659201300956,0.01970464426143804,1.0,0.52694833,-0.041526247454405835,-1,2014-05-12 00:00:00+05:30
2014-05-09 00:00:00+05:30,80.9,80.95,77.85,78.5,2124264,-0.023631840796019987,0.08425414364640882,0.07977991746905078,0.3616652211621856,0.6388308977035491,-0.023566878980891603,1.8598584489852925,2.59926478349378,3.712884258761264,0.02669080134053147,0.019516273772373152,1.0,0.53944725,-0.023849019470539495,-1,2014-05-12 00:00:00+05:30
2014-05-12 00:00:00+05:30,78.5,79.4,76.35,76.65,1724355,-0.023566878980891603,0.06237006237006226,0.04285714285714293,0.31137724550898205,0.6136842105263158,-0.005218525766471083,1.3775962375997608,2.3856979243985563,3.644448207229132,0.027077745566070368,0.019727505459233467,1.0,0.5390924,-0.04196419909903219,-1,2014-05-15 00:00:00+05:30
2014-05-15 00:00:00+05:30,76.9,77.6,72.85,73.5,2964903,-0.039215686274509776,0.02941176470588225,0.044776119402985204,0.19609438567941417,0.540880503144654,-0.027210884353741527,0.0211206624766902,1.5906656480218686,3.29974198926638,0.028371382584105185,0.019970720151775683,1.0,0.57636017,-0.027587956518829053,-1,2014-05-16 00:00:00+05:30
2014-05-16 00:00:00+05:30,75.0,75.65,70.15,71.5,3291129,-0.027210884353741527,-0.021218343600273748,-0.01447277739490005,0.15136876006441224,0.5052631578947369,0.014685314685314754,-0.7241577664177328,1.0974020201547887,3.040923343189462,0.02813581267529174,0.02028016934249298,1.0,0.5455157,0.0511184539290232,1,2014-05-21 00:00:00+05:30
2014-05-20 00:00:00+05:30,72.5,75.4,72.5,74.4,3196332,0.02549965541006216,-0.023622047244094446,0.027624309392265234,0.18377088305489275,0.5679662802950474,0.011424731182795522,-1.078185596086911,0.6043433062160517,2.727474295766527,0.02884573595425513,0.020560829585654507,1.0,0.5394867,-0.03140189754814299,-1,2014-05-28 00:00:00+05:30
2014-05-22 00:00:00+05:30,75.35,75.95,72.75,73.3,1826124,-0.025913621262458553,-0.11419939577039273,0.02877192982456145,0.18416801292407103,0.5712754555198285,0.013642564802182733,-1.0778491856508907,0.33120815370294565,2.504375839917401,0.019783904303406936,0.020795460889343222,1.0,0.5432813,-0.026963264969760436,-1,2014-05-29 00:00:00+05:30
2014-05-28 00:00:00+05:30,73.3,73.95,71.7,72.1,1148103,-0.011651816312542973,-0.09079445145018916,-0.017711171662125547,0.18293683347005718,0.5340425531914892,-0.010402219140083213,-1.3884364619369052,-0.3185540186478448,1.9502565758352404,0.017838017402892026,0.020973687307364958,1.0,0.5219281,0.0474022388945839,1,2014-06-04 00:00:00+05:30
2014-05-30 00:00:00+05:30,71.35,73.4,71.35,72.9,1554147,0.021723896285914757,-0.07133757961783427,-0.012863913337846866,0.17580645161290342,0.566058002148228,0.021947873799725626,-1.4712999829411473,-0.6152680753289985,1.654825530524917,0.018575958722192587,0.021150175472892524,1.0,0.53342175,0.0586053165787637,1,2014-06-05 00:00:00+05:30
2014-06-02 00:00:00+05:30,73.0,74.8,72.55,74.5,2366133,0.021947873799725626,-0.05993690851735012,0.014295439074200056,0.20064464141821126,0.6125541125541125,-0.010067114093959773,-1.1386442734007431,-0.548706663128641,1.615138891156775,0.019287194937321984,0.02054303685572497,1.0,0.5336496,0.08055883671725203,1,2014-06-10 00:00:00+05:30
2014-06-04 00:00:00+05:30,74.2,76.3,74.2,75.6,3610809,0.02508474576271169,-0.03694267515923577,0.03349282296650702,0.16486902927580882,0.6615384615384614,0.022486772486772555,-0.5978912908038012,-0.40145757121504744,1.5556198811167974,0.0197690204697975,0.020792466666854463,1.0,0.53927135,0.06590167891727873,1,2014-06-10 00:00:00+05:30
2014-06-05 00:00:00+05:30,76.0,77.65,75.2,77.3,3461196,0.022486772486772555,-0.03254067584480613,0.011780104712041828,0.19752130131680867,0.6933187294633079,0.004527813712807305,-0.06703058172269039,-0.1454335444600332,1.629937347365157,0.020471286828379856,0.020987298302689403,1.0,0.5343756,0.04366400650938957,1,2014-06-10 00:00:00+05:30
2014-06-10 00:00:00+05:30,77.5,81.25,77.15,80.75,4848183,0.0453074433656957,0.05348988910632735,0.0576293385723643,0.25,0.7924528301886793,-0.017337461300309664,1.2709396767079397,0.6905164372632697,1.9551107907806937,0.0215116901039605,0.021127294924945084,1.0,0.59354156,0.003708286078919186,1,2014-06-24 00:00:00+05:30
2014-06-12 00:00:00+05:30,79.65,85.0,78.4,83.9,4855815,0.05734089477000648,0.09673202614379095,0.1391717583163612,0.24944154877140723,0.8081896551724139,-0.0441001191895114,2.3235433728391683,1.4811858742829145,2.356265078788212,0.02302684251289424,0.022448282157226506,1.0,0.6367287,-0.04510209860069176,-1,2014-06-13 00:00:00+05:30
2014-06-13 00:00:00+05:30,84.9,84.9,78.85,80.2,4236606,-0.0441001191895114,0.09115646258503407,0.11621433542101611,0.20330082520630155,0.6866456361724502,0.01807980049875324,2.328786004620568,1.654732562510702,2.468158863082806,0.024599164363761562,0.023146980082969545,1.0,0.5934061,0.054001593706675635,1,2014-06-25 00:00:00+05:30
2014-06-18 00:00:00+05:30,81.65,84.45,80.35,82.15,4416750,0.00921375921375911,0.10416666666666674,0.15056022408963576,0.25803981623277195,0.7897603485838782,0.002434570906877598,2.628677254456477,2.2914950228999516,2.9058756861440145,0.024295788392204008,0.023087494639590537,1.0,0.51869553,0.053907039303219,1,2014-06-26 00:00:00+05:30
2014-06-25 00:00:00+05:30,81.35,85.9,81.05,84.65,9421311,0.044417026526835324,0.16038382453735434,0.17081604426002772,0.18557422969187676,0.8342361863488625,0.02421736562315413,2.4563524247525237,2.7951239588297625,3.4284737932123477,0.024283019564128077,0.02347923168135559,1.0,0.5891285,0.06848082862171574,1,2014-07-03 00:00:00+05:30
2014-06-26 00:00:00+05:30,85.3,87.4,84.45,86.7,7742796,0.02421736562315413,0.2024965325936201,0.19503790489317718,0.18930041152263377,0.8847826086956523,0.007497116493656142,2.9562427209196755,3.1663134078689836,3.6810534211784045,0.024110493174804012,0.0234652033250981,1.0,0.536662,-0.043011047727192345,-1,2014-07-09 00:00:00+05:30
2014-07-03 00:00:00+05:30,87.4,91.05,86.7,90.65,6086043,0.039564220183486265,0.19907407407407418,0.2812720848056538,0.17880364109232771,0.9642470205850489,-0.0005515719801435504,4.115479283109067,4.585524090914561,4.8732778834440325,0.02455920521352871,0.023752644468032855,1.0,0.57383066,-0.06141782103723398,-1,2014-07-08 00:00:00+05:30
2014-07-08 00:00:00+05:30,89.95,91.15,83.4,85.25,2529903,-0.049079754601227044,0.10355987055016191,0.1774861878453038,0.11147327249022165,0.8215811965811968,-0.02580645161290329,3.4907910719005315,4.771051726301266,5.327153400597112,0.02622343462478557,0.024659149973921976,1.0,0.6146803,-0.02614528010432236,-1,2014-07-09 00:00:00+05:30
2014-07-09 00:00:00+05:30,84.3,85.55,81.55,83.05,2916540,-0.02580645161290329,0.028482972136222973,0.1510741510741509,0.030397022332506296,0.7521097046413503,-0.011438892233594289,2.5780009861624364,4.375253511634327,5.230103637199065,0.02663496311182217,0.024943911438098574,1.0,0.54425037,-0.028084873956537908,-1,2014-07-11 00:00:00+05:30
2014-07-11 00:00:00+05:30,82.5,84.15,78.4,80.75,3398748,-0.016443361753958552,-0.03754469606674615,0.134129213483146,0.01700251889168758,0.7497291440953413,-0.01609907120743026,0.9240631639902688,3.4605435285332646,4.912829894650017,0.021494354791824842,0.024707940858266136,1.0,0.5277394,0.06589209380870313,1,2014-07-22 00:00:00+05:30
2014-07-15 00:00:00+05:30,80.0,81.95,80.0,81.65,2156862,0.02769037130270613,0.0,0.11772758384668047,0.05627425614489012,0.7353878852284805,0.009797917942437229,-0.1172572178033704,2.6413760705833056,4.559269486858696,0.022326617575499867,0.024989741986788373,1.0,0.5442988,0.05480823649499496,1,2014-07-22 00:00:00+05:30
2014-07-22 00:00:00+05:30,83.65,86.6,83.25,86.25,8345859,0.036658653846153744,0.07009925558312657,0.05958230958230959,0.11650485436893199,0.7931392931392931,-0.008695652173912993,0.3607562045287267,2.1861275127240276,4.322973333396348,0.02390056988244477,0.02178236425663504,1.0,0.56668407,-0.07522342123758752,-1,2014-07-25 00:00:00+05:30
2014-07-25 00:00:00+05:30,84.15,84.15,79.5,80.0,7826916,-0.07300115874855151,-0.07727797001153403,0.008827238335435084,-0.004975124378109541,0.5655577299412915,-0.030000000000000027,0.1535224047966608,1.9197139685527844,4.1813147696521895,0.026786910069659838,0.023821239365311088,1.0,0.7183697,-0.030459207484708574,-1,2014-07-28 00:00:00+05:30
2014-07-28 00:00:00+05:30,80.0,80.15,76.75,77.6,2920791,-0.030000000000000027,-0.11161991986262165,-0.01896333754740831,-0.028177833437695643,0.5171065493646139,0.0006443298969074363,-0.7032059256709857,1.3752667134974388,3.884004091564549,0.027086515332667815,0.024075004370968826,1.0,0.55265135,-0.0019348603262953105,-1,2014-08-12 00:00:00+05:30
2014-08-04 00:00:00+05:30,77.5,78.1,75.65,76.2,2386800,-0.01677419354838705,-0.15940430226144509,-0.029299363057324834,0.0777934936350777,0.48828125,0.009842519685039353,-2.2790223092712694,-0.19355928646584175,2.839862065577506,0.02519877625310394,0.023913944981104135,1.0,0.5278307,0.031646166811686256,1,2014-08-19 00:00:00+05:30
2014-08-06 00:00:00+05:30,76.35,80.2,76.35,78.7,5348946,0.02274204028589999,-0.1221416620189627,-0.021144278606965217,0.12508934953538242,0.469654528478058,-0.02414231257941557,-2.1914043446666795,-0.5801658119364532,2.4514333070650594,0.024351368292967312,0.023912112476585392,1.0,0.5350164,-0.029006223048286216,-1,2014-08-08 00:00:00+05:30
2014-08-08 00:00:00+05:30,76.55,78.05,75.85,76.45,2693469,-0.00455729166666663,-0.07947019867549665,-0.002609262883235486,0.04013605442176882,0.4383819379115712,0.0006540222367559245,-2.344025788472493,-1.0287355843711623,2.015494445877991,0.024206586357605413,0.023570293295006744,1.0,0.51674485,0.030910381033976066,1,2014-08-25 00:00:00+05:30
2014-08-18 00:00:00+05:30,76.35,78.45,76.35,78.2,2326854,0.01889250814332244,-0.05154639175257736,0.0778773259820813,0.06903622693096367,0.47130761994355597,0.005754475703324768,-1.7836710460506282,-1.4718279066185005,1.2224160158092587,0.02386110396609115,0.023099277301272047,1.0,0.5289471,0.03826117365858145,1,2014-09-02 00:00:00+05:30
2014-08-28 00:00:00+05:30,78.5,78.85,77.0,77.35,1619658,-0.013392857142857317,-0.003221649484536071,0.08409250175192717,0.056693989071038065,0.3510917030567684,0.02068519715578554,-0.5813648884617919,-0.9686583224525833,0.8127967979519468,0.013354033007637272,0.022644808178041355,1.0,0.523262,0.04919024419077178,1,2014-09-02 00:00:00+05:30
2014-09-01 00:00:00+05:30,77.05,79.15,77.05,78.95,1787253,0.02068519715578554,0.01674179008370902,0.08299039780521267,0.06905890318212604,0.4073083778966131,0.02913236225459137,-0.4386557737333021,-0.8909379925233054,0.7866658717595243,0.014012422223898252,0.02257266375024948,1.0,0.5319358,0.050025867094946774,1,2014-09-05 00:00:00+05:30
2014-09-02 00:00:00+05:30,79.05,81.9,79.05,81.25,6140205,0.02913236225459137,0.0370134014039567,0.09060402684563762,0.10619469026548667,0.43551236749116606,0.0018461538461538307,-0.0016300378834444018,-0.6441713843957757,0.8536130004306415,0.015120077962864744,0.02269597667954759,1.0,0.54915106,-0.016754968437617854,-1,2014-09-16 00:00:00+05:30
2014-09-05 00:00:00+05:30,80.7,83.35,80.35,83.0,4304601,0.02595797280593315,0.078622482131254,0.07373868046571808,0.08638743455497377,0.4664310954063604,0.004819277108433884,0.900296592263274,0.023922131084830767,1.079828741004036,0.014747991542679115,0.02218857066973782,1.0,0.5419604,-0.03806475502436887,-1,2014-09-16 00:00:00+05:30
2014-09-11 00:00:00+05:30,84.5,84.6,81.4,81.85,4272447,-0.02443384982121588,0.06993464052287579,0.031505986137366104,0.07910349373764003,0.4087779690189328,0.014660965180207652,1.484553848094606,0.8185715696868812,1.4776641551687533,0.014511694072449486,0.020106309556280226,1.0,0.54229975,-0.024112451044914766,-1,2014-09-16 00:00:00+05:30
2014-09-16 00:00:00+05:30,82.85,83.55,79.35,79.9,2825028,-0.03560651780325874,0.041042345276873116,-0.02143294549908148,0.10895211658570458,0.38354978354978364,0.015018773466833446,0.9692551669730278,0.8498338177957834,1.5380113651909824,0.01558120535237972,0.020682568365726427,1.0,0.5720834,0.04227275642457379,1,2014-09-18 00:00:00+05:30
2014-09-18 00:00:00+05:30,81.55,83.6,80.85,83.35,3505503,0.027743526510480843,0.059758423394786986,0.014607425441265809,0.16736694677871133,0.475221238938053,0.01559688062387532,0.9505232531056862,0.9243069153199457,1.5942226038418283,0.016721037039357893,0.02098114915880835,1.0,0.54637814,-0.035412735758410696,-1,2014-09-25 00:00:00+05:30
2014-09-23 00:00:00+05:30,84.7,84.95,82.0,82.55,2852964,-0.021919431279620927,0.04493670886075951,0.024193548387096753,0.14335180055401664,0.4887285843101892,-0.0012113870381585956,1.2100503012338208,1.2477932215638532,1.8182921276445114,0.017669534828225725,0.020222465597842153,1.0,0.5371506,-0.02576829692774478,-1,2014-09-25 00:00:00+05:30
2014-09-25 00:00:00+05:30,82.25,83.35,79.4,80.45,2984484,-0.024257125530624646,0.02093908629441632,-0.04961606615475489,0.11272475795297376,0.49257884972170696,0.02858918582970782,0.6241133130980074,1.0247408311536077,1.7445124392696982,0.018599381374984663,0.02034137175518861,1.0,0.54228157,0.052659669359465054,1,2014-09-29 00:00:00+05:30
2014-09-26 00:00:00+05:30,80.95,83.15,80.1,82.75,2385669,0.02858918582970782,0.05548469387755084,-0.0455594002306805,0.14059269469331492,0.48563734290843796,0.024773413897280827,0.6388608781298046,1.0368901029399211,1.7623645503707337,0.019194832552600145,0.020644771442245635,1.0,0.5487491,-0.020141053135805078,-1,2014-10-08 00:00:00+05:30
2014-09-29 00:00:00+05:30,83.05,85.4,82.65,84.8,2146833,0.024773413897280827,0.09631544925662583,-0.029192902117916364,0.1712707182320441,0.4942731277533039,-0.020636792452830233,0.9296116090524578,1.1996964369105996,1.8585610542729682,0.019407446183251846,0.02090439994960825,1.0,0.5398506,-0.020852706738553554,-1,2014-09-30 00:00:00+05:30
2014-09-30 00:00:00+05:30,85.0,85.2,82.5,83.05,2147694,-0.020636792452830233,0.05193160227992388,-0.06105144149236863,0.17968749999999978,0.4883512544802868,0.0012040939193258549,0.8722445923517341,1.1972710824108503,1.8747636346462997,0.019172198761749398,0.020399796219950778,1.0,0.5346763,-0.02375987493793663,-1,2014-10-08 00:00:00+05:30
2014-10-08 00:00:00+05:30,82.35,82.7,80.6,81.1,1364793,-0.016373559733171672,0.0024721878862792313,-0.10535024820739114,0.14628975265017652,0.47588717015468585,0.007398273736128447,0.37765560696061584,0.9778700715498587,1.8059747697123214,0.01866887865959827,0.019503784263252638,1.0,0.52769685,-0.023075548363977127,-1,2014-10-13 00:00:00+05:30
2014-10-13 00:00:00+05:30,80.0,80.0,78.4,79.25,1572879,-0.013690105787180995,-0.0526001195457263,-0.0703812316715543,0.09461325966850831,0.4076376554174068,0.0006309148264984632,-0.42954197770623637,0.4505057302442168,1.5333928310367781,0.019157085078943255,0.019272894259425827,1.0,0.5225585,-0.022329476398088657,-1,2014-10-16 00:00:00+05:30
2014-10-16 00:00:00+05:30,78.7,80.65,76.7,77.5,3053802,-0.022698612862547263,-0.05314599877825288,-0.0560292326431181,0.09078114004222382,0.38269402319357715,0.006451612903225712,-1.100186416586567,-0.0708376775722428,1.2229992794119084,0.018642455107551522,0.01903494753814007,1.0,0.5427906,-0.045537395645493556,-1,2014-10-29 00:00:00+05:30
2014-10-20 00:00:00+05:30,78.75,79.95,78.5,79.1,1339167,0.014102564102564052,-0.04526252263126129,-0.00440528634361248,0.1078431372549018,0.3804537521815008,0.01137800252844512,-1.2828155885068355,-0.40480327421373374,0.970529842224849,0.0174472042001706,0.019039702689150877,1.0,0.5218428,-0.03669545928608709,-1,2014-10-28 00:00:00+05:30
2014-10-27 00:00:00+05:30,80.35,80.35,78.1,78.3,1998612,-0.02124999999999999,-0.07501476668635565,-0.046865489957395146,0.03298153034300788,0.40071556350626114,-0.02618135376756059,-1.0316509806589949,-0.6170340056537214,0.6772370990100427,0.01617558328320871,0.01850515348995794,1.0,0.5392259,-0.026530187509236334,-1,2014-10-28 00:00:00+05:30
2014-10-28 00:00:00+05:30,78.25,78.65,75.95,76.25,3744321,-0.02618135376756059,-0.09656398104265407,-0.08353365384615385,-0.0785498489425982,0.37387387387387383,-0.02885245901639344,-1.39212977107492,-0.8819521711246523,0.49062822322778743,0.01645501038576371,0.018725883591802852,1.0,0.55360484,-0.029276874773713213,-1,2014-10-29 00:00:00+05:30
2014-10-29 00:00:00+05:30,76.7,76.85,73.7,74.05,5926713,-0.02885245901639344,-0.10296789824348884,-0.14144927536231888,-0.09029484029484036,0.348816029143898,0.007427413909520508,-1.9382122873978744,-1.270955169891181,0.230357791465309,0.01735919054269054,0.0166347949631602,1.0,0.5622486,-0.008135638093921434,-1,2014-11-14 00:00:00+05:30
2014-11-05 00:00:00+05:30,75.8,76.65,75.45,76.3,4632453,0.015978695073235683,-0.10023584905660377,-0.01675257731958757,-0.03539823008849552,0.36615935541629363,-0.006553079947575369,-2.1610421670551716,-1.9509945327567237,-0.4527091990548371,0.01419722583831238,0.016287999196574584,1.0,0.5254845,-0.02253243108069623,-1,2014-11-11 00:00:00+05:30
2014-11-11 00:00:00+05:30,75.45,75.8,74.45,74.6,2114268,-0.01192052980132463,-0.09520921770770174,-0.03741935483870973,-0.04542546385156765,0.34535617673579777,-0.0060321715817692745,-2.001989119464511,-2.162104143757233,-0.8246673434364737,0.013953773465167213,0.01590417588398133,1.0,0.51928365,-0.0244245520070749,-1,2014-11-17 00:00:00+05:30
2014-11-17 00:00:00+05:30,73.65,73.85,72.6,72.8,2583279,-0.008849557522124019,-0.08138801261829653,-0.05208333333333337,-0.07261146496815285,0.2627927146574154,0.007554945054945028,-2.2458492427025476,-2.628072457759899,-1.430051953731322,0.013231610301694488,0.01557439167212562,1.0,0.5149339,0.039062205240762884,1,2014-11-20 00:00:00+05:30
2014-11-19 00:00:00+05:30,73.8,75.1,73.45,74.2,3344907,0.011588275391956504,-0.04258064516129023,-0.030065359477124187,-0.02688524590163932,0.22949461474730737,0.020215633423180668,-1.995453829369552,-2.6549499029833186,-1.6344051919637934,0.012966386999777058,0.015340403355374402,1.0,0.51801586,0.03833913039594889,1,2014-11-25 00:00:00+05:30
2014-11-20 00:00:00+05:30,74.4,76.0,74.2,75.7,2767818,0.020215633423180668,-0.029487179487179493,-0.022595222724338226,-0.010457516339869244,0.2239288601455134,0.007265521796565366,-1.605228986712234,-2.5015365409352768,-1.6452529795834607,0.013439627296014769,0.015369598844628995,1.0,0.5355023,0.035683318735638604,1,2014-12-04 00:00:00+05:30
2014-11-25 00:00:00+05:30,76.5,77.45,74.2,77.1,6002805,0.013140604467805517,-0.028967254408060583,-0.01406649616368294,0.06271536871123362,0.2495948136142625,-0.005188067444876654,-0.5858452100313798,-1.9432540414983492,-1.571920271010086,0.013466228127408436,0.015327491695262489,1.0,0.5202983,-0.016345574774742605,-1,2014-12-08 00:00:00+05:30
2014-12-02 00:00:00+05:30,76.95,78.4,76.55,77.85,3386820,0.01433224755700313,0.043565683646112685,-0.012682308180088753,0.06643835616438354,0.2627737226277371,-0.0019267822736029894,0.14656788571247148,-1.236988901583075,-1.4051651514840984,0.009593106029621446,0.015409610880577114,1.0,0.5223819,-0.026026192485466056,-1,2014-12-08 00:00:00+05:30
2014-12-05 00:00:00+05:30,79.15,79.15,76.75,77.15,1912047,-0.016571064372211564,0.011140235910878316,-0.0025856496444730537,0.08128941836019643,0.24737267582861766,-0.016850291639663117,0.47844870290882113,-0.7836689202135716,-1.2060778154491203,0.009894445834799388,0.014882329317304323,1.0,0.52836,-0.016993873014628718,-1,2014-12-08 00:00:00+05:30
2014-12-08 00:00:00+05:30,77.15,77.5,75.65,75.85,1524042,-0.016850291639663117,0.0006596306068600288,-0.039265357821406055,0.040466392318244004,0.22338709677419355,0.0,0.2559377410064343,-0.8133871653569997,-1.2230265064259953,0.010622776471295184,0.015011316528214582,1.0,0.52890754,-0.059060256094579246,-1,2014-12-16 00:00:00+05:30
2014-12-16 00:00:00+05:30,75.35,75.65,70.25,71.5,3058449,-0.05672823218997358,-0.017857142857142794,-0.14524805738194868,-0.0744336569579288,0.10938712179984478,-0.010489510489510523,-0.8717973085489632,-1.200021605454154,-1.4539517574962417,0.016216461645930644,0.015797382409357415,1.0,0.71506596,-0.03922071315328127,-1,2014-12-24 00:00:00+05:30
2014-12-18 00:00:00+05:30,71.1,72.85,71.1,72.5,985434,0.02473498233215543,-0.022911051212938016,-0.11423335369578491,-0.08632640201638309,0.1102603369065851,0.0,-1.5316792616680175,-1.6626248130941406,-1.746448477097232,0.016415072161483052,0.015608651914052862,1.0,0.54972523,-0.02655641736143282,-1,2014-12-23 00:00:00+05:30
2014-12-23 00:00:00+05:30,72.75,73.0,70.45,70.6,2348250,-0.029553264604811114,-0.07227332457293034,-0.11639549436796004,-0.1353337415799144,0.04825538233110627,-0.026203966005665658,-1.8236865769344064,-2.0407606315556563,-2.0616324994554702,0.01700749373757696,0.015209837549581188,1.0,0.5680744,-0.02655340795251565,-1,2014-12-24 00:00:00+05:30
2014-12-24 00:00:00+05:30,70.9,71.0,68.5,68.75,7110054,-0.026203966005665658,-0.1083009079118028,-0.15228113440197277,-0.15540540540540548,0.04245640636846093,0.011636363636363667,-2.240942441678982,-2.3501710626764094,-2.271365868320842,0.01770325306766535,0.015504409962197567,1.0,0.55523026,0.038521167829195804,1,2015-01-02 00:00:00+05:30
2014-12-30 00:00:00+05:30,69.5,71.6,69.35,70.75,4079931,0.020187454938716654,-0.0696909927679158,-0.16172985781990523,-0.1324340895156345,0.0901386748844375,0.0021201413427562876,-2.296744725806235,-2.7201226127264846,-2.6591523240642516,0.01869359253583468,0.015442247721957302,1.0,0.53636754,-0.02287447841257975,-1,2015-01-06 00:00:00+05:30
2015-01-06 00:00:00+05:30,70.85,71.15,68.8,69.15,1293987,-0.03354297693920327,-0.10369410239792609,-0.1845518867924527,-0.20835718374356027,-0.1111825192802055,-0.025307302964569733,-1.646591277605694,-2.6389235267063924,-2.9270741072152333,0.01904531226355401,0.014908053921707156,1.0,0.5852819,-0.025633040192505823,-1,2015-01-07 00:00:00+05:30
2015-01-07 00:00:00+05:30,69.05,69.6,67.05,67.4,2114343,-0.025307302964569733,-0.11140408701384297,-0.18844069837447308,-0.23798756359525153,-0.1414012738853503,0.015578635014836806,-1.9812505399800244,-2.8472451553852807,-3.0915929534717037,0.019568476306879964,0.01508925918182177,1.0,0.55234355,0.0385642548647546,1,2015-01-12 00:00:00+05:30
2015-01-09 00:00:00+05:30,68.8,70.05,68.5,69.3,1905000,0.01241782322863405,-0.08695652173913049,-0.15949060036385698,-0.20527522935779818,-0.10753380553766911,0.010822510822510845,-1.9183673329375495,-2.919210375523008,-3.2561927517628817,0.020457585917537796,0.015238115409019811,1.0,0.5194421,0.03752652713751943,1,2015-01-19 00:00:00+05:30
2015-01-13 00:00:00+05:30,71.35,71.8,70.65,71.15,2594466,0.01570306923625986,-0.05886243386243373,-0.12913096695226434,-0.21467991169977918,-0.07717250324254199,-0.007730147575544799,-1.3457170602159039,-2.6731624578366535,-3.247095018757875,0.021144313223510236,0.015423628130243077,1.0,0.52560014,-0.03286009936119765,-1,2015-01-23 00:00:00+05:30
2015-01-19 00:00:00+05:30,71.85,72.75,71.5,71.95,1737402,0.004187020237264472,-0.0075862068965516505,-0.07161290322580638,-0.12362971985383664,-0.10230817217716781,-0.006254343293954134,-0.38067792338041784,-2.02568401333005,-3.062203597931699,0.01629862576834266,0.015114134104841142,1.0,0.5099535,-0.04404120815871304,-1,2015-01-23 00:00:00+05:30
2015-01-23 00:00:00+05:30,70.4,70.5,68.45,68.85,4771479,-0.028913963328632053,0.001454545454545375,-0.13287153652392958,-0.1649484536082475,-0.09467455621301779,-0.008714596949890963,-0.5660882213008591,-1.8500307535807252,-3.0208360926496596,0.014968795451283282,0.014934279736129619,1.0,0.56688493,0.033562593243266346,1,2015-02-04 00:00:00+05:30
2015-02-02 00:00:00+05:30,69.0,71.35,69.0,70.35,2185863,0.01808972503617956,-0.007057163020465773,-0.056970509383378,-0.17719298245614046,-0.04350781781101298,0.008528784648187848,-0.8498144520849706,-1.9722545738885486,-3.172231491615946,0.015047389812141166,0.014602395381421732,1.0,0.5314647,-0.024461651346417795,-1,2015-02-06 00:00:00+05:30
2015-02-05 00:00:00+05:30,71.65,71.85,69.2,70.05,2197209,-0.016151685393258508,0.01301518438177851,-0.08191349934469205,-0.09729381443298968,-0.12273011897307451,-0.019985724482512346,-0.3303974903674458,-1.5953654876352346,-3.000638048918489,0.012159875801840412,0.014709606710898545,1.0,0.5271218,-0.020188140569035805,-1,2015-02-06 00:00:00+05:30
2015-02-06 00:00:00+05:30,69.85,70.1,68.35,68.65,1535532,-0.019985724482512346,0.0185459940652819,-0.09432717678100255,-0.11590470057952351,-0.08710106382978722,0.0,-0.5144256403739433,-1.6473459727680222,-3.027268993312191,0.012659886827873668,0.01490053384581761,1.0,0.53680164,0.030131404309366915,1,2015-02-11 00:00:00+05:30
2015-02-11 00:00:00+05:30,68.85,71.15,68.85,70.75,1233291,0.029839883551673996,0.009992862241256395,-0.045853000674308864,-0.07152230971128615,0.0007072135785006761,-0.009187279151943506,-0.45164960374802376,-1.5521183179939726,-2.98763380862097,0.013413334102709316,0.015371841951642595,1.0,0.57063943,0.059002021556123906,1,2015-02-13 00:00:00+05:30
2015-02-13 00:00:00+05:30,70.5,75.4,70.05,75.05,5222109,0.0706134094151214,0.06303116147308785,0.021783526208304815,-0.04637865311308775,0.07290922087205143,-0.025316455696202445,0.4263151830930525,-1.0089292193156751,-2.6987321685015218,0.020601616356512042,0.01786063081755643,1.0,0.80166036,-0.025642430613337555,-1,2015-02-16 00:00:00+05:30
2015-02-16 00:00:00+05:30,75.1,75.35,72.85,73.15,1842255,-0.025316455696202445,0.020223152022315283,0.004807692307692513,-0.04752604166666652,0.0061898211829436445,0.01572112098427869,0.7068104554843302,-0.7617710612476714,-2.5473649140200507,0.021516780437698182,0.017969068656811176,1.0,0.5523737,-0.02772180293027191,-1,2015-02-24 00:00:00+05:30
2015-02-24 00:00:00+05:30,73.15,73.6,70.8,71.15,1688730,-0.026675786593707063,0.0035260930888576514,-0.06504599211563722,-0.07296416938110739,-0.019297036526533362,-0.004216444132115416,0.9264628794310283,-0.010636922619994493,-1.9206532183677751,0.02193855759381421,0.018427571845967793,1.0,0.55674,0.001404494612898402,1,2015-03-11 00:00:00+05:30
2015-03-02 00:00:00+05:30,71.25,73.6,71.0,73.25,1940640,0.040482954545454364,0.07247437774524168,-0.036817882971729055,-0.07160963244613439,0.02807017543859658,-0.010238907849829393,0.3543754860644981,-0.12445734150300325,-1.800217329866726,0.023541223518816577,0.01908355667356511,1.0,0.6150127,-0.026981920476926432,-1,2015-03-04 00:00:00+05:30
2015-03-04 00:00:00+05:30,72.95,74.0,70.5,71.3,1911519,-0.016551724137931045,0.013503909026297167,-0.08413615928066787,-0.09575142675967019,-0.016551724137931045,0.016830294530154388,0.2944551596826557,-0.08385990091771589,-1.6939148587400439,0.023736783854034993,0.019071333273899968,1.0,0.5276694,0.04925756310292365,1,2015-03-18 00:00:00+05:30
2015-03-12 00:00:00+05:30,71.5,73.15,71.1,72.75,1644066,0.021052631578947434,0.05972323379461031,-0.04087013843111398,-0.10461538461538467,-0.009530292716133482,-0.021993127147766245,0.30623046001240084,0.045981065164554025,-1.425906814982639,0.02384034976155048,0.019391752632421034,1.0,0.538149,-0.02223858151574044,-1,2015-03-13 00:00:00+05:30
2015-03-13 00:00:00+05:30,72.65,73.05,70.55,71.15,1385205,-0.021993127147766245,0.03566229985443958,-0.06258234519104089,-0.12592137592137587,-0.03721244925575096,0.0028109627547432403,0.15741773094501355,-0.011479990938738638,-1.4167709106429385,0.023600336676294662,0.019584874323869593,1.0,0.5414331,0.05136356598731234,1,2015-03-18 00:00:00+05:30
2015-03-17 00:00:00+05:30,71.75,73.45,71.55,72.65,1714590,0.01822004204625105,0.0363766048502141,-0.039021164021163846,-0.1246987951807228,-0.0490837696335078,0.030970406056434863,0.20226334647416877,0.027297225893050836,-1.328146511110745,0.017492621480138037,0.01825682970540787,1.0,0.53088105,-0.025088423879602636,-1,2015-03-27 00:00:00+05:30
2015-03-18 00:00:00+05:30,73.0,75.25,72.15,74.9,3124116,0.030970406056434863,-0.0019986675549632515,-0.01187335092348274,-0.10191846522781778,-0.009914077990746839,-0.013351134846461998,0.6086010685403522,0.2609610478030788,-1.171698072296664,0.01797686501022617,0.018413592651142126,1.0,0.57093847,-0.033257221756482463,-1,2015-03-20 00:00:00+05:30
2015-03-20 00:00:00+05:30,73.9,75.5,71.85,72.45,2066295,-0.01962110960757779,-0.024899057873485786,0.024028268551236742,-0.13647199046483915,-0.05108055009823176,0.0006901311249136732,0.6253694475644949,0.3686889902844115,-1.0259516597923977,0.018309764410929286,0.018678991148576834,1.0,0.5349162,-0.02233170263000201,-1,2015-03-27 00:00:00+05:30
2015-03-27 00:00:00+05:30,72.4,73.45,69.65,70.85,1515762,-0.014603616133518904,0.0,0.03054545454545443,-0.1263871763255241,-0.022084195997239542,0.026111503175723527,-0.016306360859346114,0.13566037515485618,-0.9458130430070639,0.01710552058976105,0.017808976963311046,1.0,0.5236274,0.09870468141457601,1,2015-03-31 00:00:00+05:30
2015-03-30 00:00:00+05:30,71.35,72.9,70.9,72.7,1088802,0.026111503175723527,0.034875444839857606,0.04529115744069023,-0.12777444511097769,0.0182072829131652,0.07565337001375516,0.07698490272332492,0.17202115809953966,-0.8979286217310687,0.018036348960273414,0.018119948268033623,1.0,0.5533665,0.07292826301179173,1,2015-03-31 00:00:00+05:30
2015-03-31 00:00:00+05:30,73.05,79.15,72.35,78.2,5961177,0.07565337001375516,0.11079545454545459,0.12761355443403044,-0.07619610159480217,0.0853573907009022,-0.007033248081841359,0.9245935863940673,0.6245376855228244,-0.6328204258095695,0.02303278400732055,0.02054725177416466,1.0,0.81483316,-0.007058097956569247,-1,2015-04-17 00:00:00+05:30
2015-04-06 00:00:00+05:30,78.05,80.55,77.65,79.45,4312461,0.023180940115904658,0.09586206896551719,0.12059238363892799,-0.03755299818291935,0.10041551246537406,0.003146633102580232,2.033166742647964,1.3817693552941108,-0.13273353839039714,0.022818736475918627,0.02074805985575491,1.0,0.5424664,-0.02291634338802888,-1,2015-04-17 00:00:00+05:30
2015-04-09 00:00:00+05:30,80.5,80.65,77.5,78.2,2578047,-0.0333745364647714,0.08837856645789843,0.09294199860237606,-0.05498489425981867,0.0778773259820813,-0.004475703324808289,2.7653677882461523,2.2608093400418454,0.5847003706245317,0.024206677173327494,0.020426631815981738,1.0,0.5793558,-0.042448423002658706,-1,2015-04-20 00:00:00+05:30
2015-04-13 00:00:00+05:30,78.25,81.95,78.0,81.45,7013292,0.04624277456647419,0.14315789473684215,0.20845697329376844,-0.019265502709211235,0.1569602272727273,-0.022099447513812098,2.90685356361368,2.638603525448133,0.9823188246572414,0.025520349682525263,0.02115687206812116,1.0,0.6352111,-0.03625397034642399,-1,2015-04-16 00:00:00+05:30
2015-04-16 00:00:00+05:30,79.65,80.4,77.15,78.55,2752890,-0.013810420590081751,0.10400562192550944,0.13347763347763353,-0.047301394784718065,0.1181494661921707,-0.011457670273710918,2.578193783581696,2.757386205215141,1.264516472145118,0.0259022630802906,0.02138811063673695,1.0,0.5225098,-0.046914140153023406,-1,2015-04-20 00:00:00+05:30
2015-04-20 00:00:00+05:30,77.85,78.3,74.25,74.95,3480786,-0.0347714101738571,0.031658637302133474,0.05340829234012645,-0.08261933904528762,0.04387186629526463,-0.015343562374916742,1.5402046189126253,2.387330475439228,1.279826602791431,0.026478019656617825,0.021889157581507127,1.0,0.5832271,-0.03323466268797768,-1,2015-04-27 00:00:00+05:30
2015-04-22 00:00:00+05:30,74.0,77.5,72.35,76.0,3928026,0.02981029810298108,0.02841677943166432,0.05997210599721048,-0.04100946372239744,0.04972375690607733,-0.009868421052631526,0.6757063329533821,1.9107377264922434,1.187051228166581,0.02688655478547887,0.02228451617430307,1.0,0.56246793,-0.02464327170238991,-1,2015-04-24 00:00:00+05:30
2015-04-24 00:00:00+05:30,75.65,75.85,73.65,74.15,1980486,-0.014617940199335488,0.022758620689655285,0.030576789437109175,-0.04322580645161278,0.043631245601689184,-0.022252191503708718,0.07841191467817055,1.4879484097160542,1.0822329719346868,0.027285255344710907,0.02239950004829465,1.0,0.52372485,-0.04481963504585927,-1,2015-05-06 00:00:00+05:30
2015-04-30 00:00:00+05:30,75.5,76.55,74.75,75.45,4460874,0.01959459459459456,0.06492589978828534,0.09586056644880192,-0.049748110831234316,0.0026578073089700283,0.002650762094102088,-0.47266831856178726,0.7701930499136154,0.8082369449209494,0.027462288135508946,0.02242972916656622,1.0,0.532966,-0.06219975167577608,-1,2015-05-06 00:00:00+05:30
2015-05-06 00:00:00+05:30,74.25,74.3,70.35,70.9,2365815,-0.047683008730691645,-0.08692852543464258,0.038067349926793614,-0.07016393442622948,-0.14320241691842894,-0.0035260930888575404,-0.8993159171220384,0.3026165703755197,0.5941218875347118,0.023010825784826917,0.023249317824646898,1.0,0.64127916,0.05555079101052492,1,2015-05-18 00:00:00+05:30
2015-05-08 00:00:00+05:30,71.65,72.6,70.9,72.35,2241270,0.02406227883934875,-0.09222082810539534,0.028429282160625347,-0.03016085790884715,-0.07064868336544639,0.013821700069108545,-1.324657570345309,-0.1691689608139768,0.32122249717978946,0.023441230355689145,0.02335232709028949,1.0,0.54421407,0.02928367230802114,1,2015-05-22 00:00:00+05:30
2015-05-15 00:00:00+05:30,73.3,73.85,72.6,73.55,793488,0.004781420765027189,-0.07658505963590723,0.07137654770575375,-0.025827814569536423,-0.07192429022082025,0.019034670292318312,-0.8712495067177741,-0.43730553290011187,0.037896906384048634,0.020011213380382076,0.02311289517371745,1.0,0.51217103,0.02218578390834779,1,2015-05-29 00:00:00+05:30
2015-05-27 00:00:00+05:30,74.35,75.3,74.05,74.95,934761,0.0033467202141901353,0.03379310344827591,0.011470985155195734,-0.009907529722589126,-0.02026143790849666,-0.016677785190126748,0.2233045898112067,0.11042875580542955,0.20700448638986302,0.015727305625345408,0.020576689901621065,1.0,0.5113933,-0.030479840009133022,-1,2015-06-03 00:00:00+05:30
2015-05-29 00:00:00+05:30,74.2,75.45,73.7,75.2,1486818,0.020352781546811416,0.016216216216216273,0.056921995783555834,-0.011826544021024898,0.051748251748251706,0.009308510638297962,0.20685440245866005,0.13443924625681802,0.2140139654286628,0.016230594111271517,0.02081889204436812,1.0,0.53468543,-0.03380984641632043,-1,2015-06-03 00:00:00+05:30
2015-06-03 00:00:00+05:30,75.95,76.6,72.3,72.7,2423781,-0.039630118890356725,-0.023505708529214187,0.032670454545454586,-0.04655737704918028,-0.03388704318936875,-0.0020632737276479185,0.1104550475270969,0.16684631466894473,0.24210113908091557,0.0146901315650671,0.02070971600113886,1.0,0.6023306,0.04241632125506742,1,2015-06-09 00:00:00+05:30
2015-06-05 00:00:00+05:30,72.6,74.65,72.2,74.1,1698507,0.021364576154376147,0.048832271762207835,0.022068965517241246,-0.034527687296416976,-0.0026917900403768957,-0.021592442645074095,-0.15847926813283664,0.00741863527879616,0.15449769916328648,0.014460020839162433,0.020743523681987758,1.0,0.53707474,-0.02182897044141198,-1,2015-06-08 00:00:00+05:30
2015-06-08 00:00:00+05:30,74.5,74.5,72.2,72.5,1106817,-0.021592442645074095,0.0020732550103663705,0.016830294530154388,-0.06872190109184317,-0.006849315068493178,0.046206896551724164,-0.3702259746579841,-0.1228433132918525,0.08130561184134422,0.01500355473911276,0.020938684645192038,1.0,0.5384311,0.04517114393391218,1,2015-06-09 00:00:00+05:30
2015-06-09 00:00:00+05:30,72.35,76.1,72.1,75.85,2645457,0.046206896551724164,0.03408316291751867,0.046206896551724164,-0.023809523809523947,0.039753255654557895,-0.005932762030322891,-0.03871626733315736,0.024883816973286343,0.14782360009174056,0.017616745041617494,0.02169582374071632,1.0,0.63027257,0.02602619248546599,1,2015-06-23 00:00:00+05:30
2015-06-17 00:00:00+05:30,75.95,78.6,75.5,77.85,3643446,0.030443414956982107,0.04286671131949071,0.09110021023125436,0.026367831245879936,0.029761904761904656,0.0006422607578677741,0.6824153162179272,0.4667879294430861,0.3816327485576494,0.01874294316833101,0.0212667041209546,1.0,0.5631978,-0.007089942686631049,-1,2015-07-01 00:00:00+05:30
2015-06-30 00:00:00+05:30,77.45,77.65,76.35,76.85,1664271,-0.004533678756476811,0.012516469038208022,0.08468595624558928,0.11781818181818182,-0.05589680589680601,0.005855562784645496,0.9959994756158039,1.276371439565409,1.1041713863787663,0.018255126230670934,0.01845807215963088,1.0,0.51218325,0.035786566371452895,1,2015-07-06 00:00:00+05:30
2015-07-03 00:00:00+05:30,77.1,79.5,76.7,78.9,2695053,0.026007802340702213,0.08752584424534815,0.016097875080489432,0.11519434628975267,-0.032495401594113904,0.009505703422053147,0.9656967055286714,1.3280699695946225,1.2346904925392863,0.015963291834374425,0.018439591345131547,1.0,0.5497917,0.006946665130896469,1,2015-07-17 00:00:00+05:30
2015-07-08 00:00:00+05:30,78.35,79.0,77.05,77.8,1171290,-0.01331642358909313,0.02570863546473312,-0.038318912237330194,0.08887333799860042,-0.08092144122858835,-0.001928020565552635,1.046494102613451,1.4808147958556361,1.4306370415523304,0.011993714087308698,0.017043315585987942,1.0,0.5216387,0.04215786277625431,1,2015-07-15 00:00:00+05:30
2015-07-14 00:00:00+05:30,78.65,79.8,78.55,78.95,1276143,0.006373486297004405,0.061155913978494514,-0.008788449466415549,0.15339663988312635,-0.09564719358533791,0.027865737808739688,0.8531204771528422,1.4265076235410703,1.5375037263191587,0.011431048742361779,0.016055768992518808,1.0,0.51278406,-0.021120785108274916,-1,2015-07-21 00:00:00+05:30
2015-07-15 00:00:00+05:30,79.15,81.5,78.45,81.15,3926925,0.027865737808739688,0.07412309728656541,0.03309993634627628,0.17099567099567103,-0.06938073394495414,-0.0067775723967962165,1.1951037178286583,1.621465104762521,1.67065690831123,0.011106543945113364,0.01627806470177413,1.0,0.5559988,-0.021171400977875315,-1,2015-07-17 00:00:00+05:30
2015-07-17 00:00:00+05:30,80.85,81.5,79.25,79.45,1968516,-0.014267990074441572,0.019897304236200286,0.060040026684456294,0.11665495432185513,-0.12306843267108158,-0.0012586532410322482,1.2568862648144545,1.7370211023423536,1.8114361209342604,0.011826722445603293,0.01594988055255774,1.0,0.5232742,-0.027433937389348826,-1,2015-07-21 00:00:00+05:30
2015-07-21 00:00:00+05:30,79.65,80.3,77.0,77.3,1591734,-0.025834908632640152,-0.01340140395660494,0.017105263157894735,0.07810320781032076,-0.09325513196480939,-0.007115135834411368,0.7795156138496964,1.5426016842387895,1.789953643559386,0.013097394398279791,0.01591713490981513,1.0,0.5514288,-0.028207839394392704,-1,2015-07-28 00:00:00+05:30
2015-07-24 00:00:00+05:30,79.2,79.65,77.35,77.65,8261682,0.015696533682145297,-0.010197578075207048,0.07103448275862068,0.08601398601398613,-0.038390092879256876,-0.012878300064391501,0.04994370189629649,1.0595813633202766,1.6037943747530932,0.013095037781856314,0.015766249471498458,1.0,0.5249183,-0.03272543339571258,-1,2015-07-28 00:00:00+05:30
2015-07-28 00:00:00+05:30,76.65,77.15,74.85,75.15,2328267,-0.019569471624266144,-0.026554404145077704,0.01554054054054066,0.0599435825105783,-0.07960808328230251,0.010645375914837052,-0.47254720833703345,0.6601610105242628,1.4086749574106392,0.014082951923805893,0.01593048775832593,1.0,0.5341417,0.036581479304801906,1,2015-08-04 00:00:00+05:30
2015-08-03 00:00:00+05:30,76.65,77.65,76.45,77.05,1433211,0.010491803278688483,-0.02344740177439808,0.0867418899858956,0.12811127379209375,-0.07391826923076927,0.011680726800778807,-0.5421687782047826,0.2758472328463739,1.1534163793897392,0.012868090955484607,0.014323973825840847,1.0,0.51673263,0.03632129100610429,1,2015-08-17 00:00:00+05:30
2015-08-05 00:00:00+05:30,78.15,79.4,78.0,78.2,1857963,0.003207184092366866,-0.008243500317057562,0.0808569454042849,0.11158493248045498,-0.08538011695906433,0.0031969309462915874,-0.11272183719425755,0.3935894629572232,1.1788827000132471,0.012695533749641223,0.014136810884592238,1.0,0.51074356,-0.016763771039667114,-1,2015-08-12 00:00:00+05:30
2015-08-11 00:00:00+05:30,78.5,79.3,76.75,77.1,4296564,-0.006443298969072142,-0.017208413001912115,0.053278688524589946,0.12308812818645287,-0.007083065035415448,-0.0025940337224382715,0.04133217298252134,0.42273064698785845,1.1543964583505755,0.012615455846020807,0.013934140742528238,1.0,0.5128237,0.035672572202945264,1,2015-08-17 00:00:00+05:30
2015-08-14 00:00:00+05:30,77.1,78.5,77.1,78.25,990960,0.014257939079714843,-0.029156327543424232,0.04822505023442725,0.10600706713780927,0.02690288713910749,0.021086261980830745,0.06557494565412014,0.3806520962873208,1.097043826314021,0.010841208195238655,0.014031088022771176,1.0,0.5223301,-0.1359990628435183,-1,2015-08-24 00:00:00+05:30
2015-08-17 00:00:00+05:30,78.15,80.15,77.5,79.9,1702578,0.021086261980830745,0.005663939584644506,0.06818181818181834,0.13980028530670485,0.03833658219623137,0.0012515644555692873,0.3983567676226869,0.5511018135249657,1.1753642436467828,0.011882480019981318,0.014266085592875033,1.0,0.53722954,-0.019589883970199333,-1,2015-08-20 00:00:00+05:30
2015-08-20 00:00:00+05:30,79.45,80.65,78.15,78.35,1490151,-0.015703517587939753,0.02084690553745916,0.047459893048128254,0.054508748317631195,0.024852844996729795,-0.012763241863433361,0.6363504043924308,0.7708924006171998,1.2963863817580688,0.010743363975668083,0.014262002119485834,1.0,0.52601105,-0.13727620222528542,-1,2015-08-24 00:00:00+05:30
2015-08-24 00:00:00+05:30,75.7,75.8,65.9,68.3,3097164,-0.11700064641241104,-0.12041210560206062,-0.08872581721147443,-0.07827260458839402,-0.11814073595868313,0.04245973645680823,-1.0617696718087473,-0.11034970293034974,0.8448718390724395,0.028185572894845985,0.020701883121600737,1.0,0.9668139,0.06517887243786825,1,2015-08-27 00:00:00+05:30
2015-08-25 00:00:00+05:30,69.95,71.65,65.9,71.2,3139524,0.04245973645680823,-0.07110241356816704,-0.03392130257801895,-0.025991792065663377,-0.06006600660066008,-0.005617977528090012,-1.6770902857475818,-0.5490936473735246,0.5865735725148511,0.02989879100752305,0.02146583573426758,0.47619048,0.59691197,0.01671348097374053,1,2015-09-08 00:00:00+05:30
2015-08-27 00:00:00+05:30,71.65,74.0,71.4,72.9,3430896,0.029661016949152685,-0.04015799868334424,-0.03952569169960474,0.028934368383909836,-0.06777493606138107,0.009602194787379892,-2.142099138778107,-1.1206617150956077,0.18173765503358652,0.03063492368296002,0.02121478008163941,0.47619048,0.53843415,-0.005502077153983421,-1,2015-09-10 00:00:00+05:30
2015-09-04 00:00:00+05:30,73.15,73.35,70.35,71.35,1072071,-0.02660300136425653,-0.09050350541746344,-0.05932762030323002,-0.01586206896551734,-0.09454314720812185,0.0,-1.8141564212813677,-1.6595202050143456,-0.5045714221080146,0.03109428322685748,0.020367283283866174,1.0,0.552256,0.02764516066614524,1,2015-09-21 00:00:00+05:30
2015-09-14 00:00:00+05:30,72.9,74.85,72.55,74.55,941613,0.024038461538461453,-0.04728434504792334,-0.042389210019267765,0.04484933426769455,-0.07849196538936964,0.00201207243460777,-0.9523254443570579,-1.60586651143079,-0.9092681862496619,0.03129742229992091,0.020204208647998476,1.0,0.5441626,-0.02581665119445542,-1,2015-09-22 00:00:00+05:30
2015-09-22 00:00:00+05:30,73.3,74.75,71.95,72.65,1473471,-0.009543285616905095,-0.06076276664511948,-0.0721583652618134,0.00206896551724145,-0.11240073304825893,0.008258774948382674,-0.5396664621249272,-1.2857300065978876,-0.9698582038149794,0.015721992307000037,0.02015032781686542,1.0,0.51626927,0.01705943793786427,1,2015-10-08 00:00:00+05:30
2015-10-01 00:00:00+05:30,74.4,75.5,74.1,74.7,797022,0.00809716599190291,0.010141987829614507,-0.0286085825747725,-0.04475703324808189,-0.1175428233904312,0.007362784471218076,-0.07985392268078328,-0.9204125455434706,-0.9693201437377326,0.011688567617098517,0.020092057639142052,1.0,0.5143393,-0.02096796467263823,-1,2015-10-12 00:00:00+05:30
2015-10-12 00:00:00+05:30,74.75,74.75,73.0,73.15,648897,-0.010148849797023018,0.01035911602209949,-0.05916398713826354,-0.06037251123956311,-0.137382075471698,-0.002734107997265922,-0.02554448398518616,-0.5893027299538716,-0.8424338122644031,0.01004870794216059,0.01970234542129245,1.0,0.51683325,0.0421608108242779,1,2015-10-19 00:00:00+05:30
2015-10-16 00:00:00+05:30,73.95,75.4,73.5,75.15,1436445,0.023841961852861138,0.008048289738430636,-0.06761786600496267,-0.03219575016097875,-0.07336621454993819,0.015302727877578137,0.05953680880189438,-0.47681568700248533,-0.805574001686594,0.01023813951541072,0.019657878922807178,1.0,0.54454106,0.0013297874300016482,1,2015-11-02 00:00:00+05:30
2015-10-23 00:00:00+05:30,76.0,76.2,74.45,74.6,888921,-0.010610079575597009,0.017041581458759447,-0.028013029315960947,-0.008637873754152925,-0.059268600252206816,-0.004021447721179627,0.5278570970811387,-0.011236410001814079,-0.5234649594734293,0.01070757534599635,0.019649738976304492,1.0,0.5173758,-0.01281636430107573,-1,2015-11-06 00:00:00+05:30
2015-10-30 00:00:00+05:30,75.35,76.3,74.9,75.8,795390,0.006640106241699861,0.041208791208791284,-0.0019749835418039208,0.004638833664678543,-0.04534005037783384,-0.0072559366754616494,0.5093875045513556,0.1675819696952061,-0.35048027210120836,0.009612423757080742,0.019514813039772698,1.0,0.5104965,-0.028774149739686564,-1,2015-11-05 00:00:00+05:30
2015-11-05 00:00:00+05:30,75.0,75.25,73.0,73.65,671247,-0.01930758988015968,-0.016032064128256307,-0.05516356638871067,0.0424628450106157,-0.005401755570560329,0.0,0.18213806187053194,0.12972299096155382,-0.2865560857914886,0.01029012955068963,0.01961446317156633,1.0,0.5753136,0.026793297325725562,1,2015-11-20 00:00:00+05:30
2015-11-09 00:00:00+05:30,72.65,76.3,72.3,75.8,751383,0.029192124915139006,0.025710419485791558,-0.03377947737412368,0.0334014996591685,0.015405224380441895,-0.03693931398416883,0.17089984222764087,0.12354385690926506,-0.26266252432125725,0.012169514456610407,0.01996495173555688,1.0,0.65311587,-0.0376388514999348,-1,2015-11-10 00:00:00+05:30
2015-11-10 00:00:00+05:30,75.25,75.55,72.8,73.0,525171,-0.03693931398416883,-0.012178619756427644,-0.0641025641025641,0.01459346768589298,-0.02796271637816239,0.00273972602739736,-0.10615542651792964,-0.018934863041423,-0.32237868507590406,0.014709944755002322,0.020522866058267766,1.0,0.60441643,0.03697900324108743,1,2015-11-19 00:00:00+05:30
2015-11-18 00:00:00+05:30,74.0,75.5,73.85,75.1,897417,0.014179608372721031,-0.0006653359946774406,-0.0402555910543132,0.00602813127930335,0.012811867835468504,0.008655126498002819,-0.08810941108610848,-0.11412921833786527,-0.3552836665507897,0.013583616080464664,0.02036707641879204,1.0,0.5223118,0.036605394106613655,1,2015-12-01 00:00:00+05:30
2015-11-23 00:00:00+05:30,75.7,76.6,75.45,76.3,737022,0.008592200925313875,0.011936339522546247,-0.041457286432160734,0.024161073825503365,0.04807692307692313,-0.005242463958060162,0.43989733834236233,0.2006017856952269,-0.16882536394388126,0.01340115941547267,0.013235851214909517,1.0,0.50913596,0.03160533941533126,1,2015-12-02 00:00:00+05:30
2015-11-27 00:00:00+05:30,76.85,77.8,76.25,77.45,768933,0.010437051532941943,0.04309764309764308,0.13396778916544672,0.033355570380253496,0.023117569352708145,-0.006455777921239525,0.8584255619306589,0.5457186708125761,0.06599027685605563,0.01333470416776522,0.011652282398866563,1.0,0.5149918,0.006435028640907904,1,2015-12-11 00:00:00+05:30
2015-12-02 00:00:00+05:30,78.3,79.15,77.05,78.75,890625,0.010911424903722544,0.03891820580474947,0.08024691358024683,0.03754940711462451,0.021400778210116878,-0.011428571428571455,1.300198594095832,0.9738856201097406,0.3816914277950758,0.013615120272257026,0.011588369295464746,1.0,0.5164613,-0.01858432211236619,-1,2015-12-04 00:00:00+05:30
2015-12-04 00:00:00+05:30,77.35,78.1,76.9,77.3,708309,-0.007064868336544627,0.024519549370443983,0.04530087897227841,0.06327372764786787,0.013770491803278606,0.014230271668822958,1.2071141515447863,1.082612082090506,0.5232311442280064,0.014027136551392627,0.011728261666099154,1.0,0.50717723,0.03869813659014518,1,2015-12-17 00:00:00+05:30
2015-12-07 00:00:00+05:30,77.35,78.9,77.35,78.4,1106208,0.014230271668822958,0.04394141145139829,0.0769230769230771,0.08063404548587183,0.030900723208415526,-0.02423469387755106,1.2720135840925337,1.1824080599018032,0.6181433136628698,0.013394255349893263,0.011278209752497432,1.0,0.53178084,-0.024533186523872052,-1,2015-12-08 00:00:00+05:30
2015-12-08 00:00:00+05:30,78.15,78.35,76.35,76.5,680883,-0.02423469387755106,0.038696537678207577,0.050824175824175866,0.03238866396761142,-0.0032573289902280145,0.009803921568627416,1.025616936553945,1.1152130204268502,0.6287161864310775,0.01473008113345452,0.011761345107778374,1.0,0.6067606,0.030256572576557127,1,2015-12-10 00:00:00+05:30
2015-12-10 00:00:00+05:30,78.15,79.15,76.9,78.85,1992441,0.02071197411003234,0.04023746701846953,0.10511562718990897,0.039551746868820015,0.014800514800514586,-0.011414077362079778,1.08574366171203,1.2243125216174207,0.7666128537738501,0.010771269957215281,0.01194751654872601,1.0,0.56899667,0.07097779517009704,1,2015-12-24 00:00:00+05:30
2015-12-17 00:00:00+05:30,78.6,80.85,78.35,80.35,1453221,0.024872448979591733,0.08507765023632685,0.10370879120879128,0.06353408338848432,0.058629776021080104,-0.0031113876789048422,1.3072431624382546,1.5428223892888013,1.1511832713257775,0.012222359289128164,0.012106354150277464,1.0,0.5996727,0.052133016395622886,1,2015-12-24 00:00:00+05:30
2015-12-24 00:00:00+05:30,81.0,85.65,80.55,84.65,9414726,0.052860696517412986,0.11528326745718043,0.15405589638718498,0.08734746307000663,0.1964664310954065,0.0011813349084464075,2.1452431760178285,2.2869282381925444,1.8088214174371586,0.016487024341374685,0.013633432486260906,1.0,0.8523189,0.05067290115652631,1,2016-01-04 00:00:00+05:30
2015-12-31 00:00:00+05:30,86.15,87.1,85.95,86.35,2892120,0.008172796263864468,0.10847240051347873,0.17084745762711862,0.11852331606217614,0.22308781869688388,0.0057903879559930704,3.182311795605372,3.336331336552732,2.685866232075682,0.01637745403142903,0.013387042629786742,1.0,0.50689656,0.03078920514298306,1,2016-01-04 00:00:00+05:30
2016-01-04 00:00:00+05:30,86.6,90.25,85.95,89.05,3802620,0.025331030512377728,0.14386640976236365,0.20175438596491224,0.15200517464424323,0.28037383177570097,-0.0005614823133071045,3.7398414376080638,3.9406534758927165,3.2104627319305195,0.016217565628865987,0.013658350706027398,1.0,0.5866827,-0.019847546890114105,-1,2016-01-06 00:00:00+05:30
2016-01-06 00:00:00+05:30,87.7,88.55,86.35,87.3,5231013,-0.019101123595505642,0.11352040816326525,0.16013289036544842,0.106463878326996,0.233922261484099,-0.02405498281786933,3.768407026823269,4.309106155490866,3.6482265373831666,0.015740311012153972,0.013851861399968444,1.0,0.5598195,-0.024349029010286384,-1,2016-01-07 00:00:00+05:30
2016-01-07 00:00:00+05:30,86.0,87.15,84.85,85.2,2563137,-0.02405498281786933,0.11372549019607847,0.13827655310621245,0.06967984934086635,0.20169252468265153,0.013497652582159514,3.281224578606711,4.200847132206476,3.718027720412877,0.017151092239113874,0.014278037196016917,1.0,0.5898286,-0.018360006402437026,-1,2016-01-15 00:00:00+05:30
2016-01-11 00:00:00+05:30,85.8,88.25,85.05,87.1,1925484,0.008685581933989495,0.10462904248573235,0.17861975642760464,0.11953727506426737,0.21903428971308592,-0.008036739380022806,2.9163473794546633,4.195131367063794,3.945915085830123,0.016462110311519933,0.014250204170390331,1.0,0.5082573,-0.025582790541155316,-1,2016-01-13 00:00:00+05:30
2016-01-13 00:00:00+05:30,86.65,88.4,82.65,84.9,2721588,-0.01736111111111116,0.0774111675126905,0.16062884483937112,0.09196141479099684,0.22776572668112793,0.01648998822143688,2.2465241492540713,3.951228015939151,4.033782816084809,0.017368957628492877,0.014508953191222144,1.0,0.5477665,-0.056327331307176445,-1,2016-01-18 00:00:00+05:30
2016-01-14 00:00:00+05:30,83.45,86.7,82.9,86.3,2392368,0.01648998822143688,0.09656925031766184,0.18300205620287868,0.10006373486297004,0.28041543026706206,-0.030706836616454125,2.0969448775587978,3.883263259342783,4.092309457079395,0.017484928804677575,0.014356171583478097,1.0,0.5347036,-0.031188170656549174,-1,2016-01-15 00:00:00+05:30
2016-01-15 00:00:00+05:30,86.4,87.1,83.05,83.65,1365846,-0.030706836616454125,0.06696428571428581,0.13577732518669383,0.05953134895503487,0.22205989773557344,-0.04064554692169764,1.5757446897668927,3.603493503715171,4.035074755392657,0.01853781041252721,0.01487520362882823,1.0,0.63599145,-0.04149466542270783,-1,2016-01-18 00:00:00+05:30
2016-01-18 00:00:00+05:30,77.5,83.15,77.5,80.25,1803315,-0.04064554692169764,-0.001244555071561848,0.09332425068119887,-0.011090573012939031,0.15800865800865815,0.02616822429906529,0.6912282053510523,3.088185398394245,3.8414176184076467,0.020856224319254976,0.01584286803593385,1.0,0.6514546,0.0373017871626717,1,2016-01-27 00:00:00+05:30
2016-01-19 00:00:00+05:30,80.85,83.35,80.35,82.35,1111785,0.02616822429906529,0.028089887640449396,0.0958083832335328,0.02171215880893307,0.17558886509635974,-0.024893746205221556,0.3446856861850449,2.7985756074640733,3.742421698728023,0.02159005055400564,0.016097463121619738,1.0,0.55313116,-0.02520883567093328,-1,2016-01-20 00:00:00+05:30
2016-01-20 00:00:00+05:30,81.65,82.0,78.55,80.3,1355619,-0.024893746205221556,-0.005572755417956654,0.05242463958060295,0.010698552548772833,0.1286015460295149,0.0031133250311332628,-0.2009680397281386,2.3825261416349974,3.5646920297959923,0.022366199964561774,0.0163841302498567,1.0,0.5505228,-0.04066634038343223,-1,2016-02-03 00:00:00+05:30
2016-01-27 00:00:00+05:30,82.15,83.8,81.5,83.3,2544186,0.02208588957055202,-0.017109144542772903,0.12113055181695831,0.08960104643557876,0.15774843641417635,-0.015006002400960394,-0.567198188825202,1.5137756011380645,3.1243394767023176,0.01964133561734944,0.01654185084147949,1.0,0.54054797,-0.021232220105774167,-1,2016-01-29 00:00:00+05:30
2016-01-29 00:00:00+05:30,82.05,82.8,80.65,81.55,1764993,-0.006093845216331495,-0.047869235259778264,0.08156498673740042,0.06392694063926929,0.14778325123152714,-0.005518087063151489,-0.6028425976311382,1.231634267507161,2.9489695215479372,0.019446799823781825,0.01666083900493658,1.0,0.5120887,-0.03240158836537166,-1,2016-02-02 00:00:00+05:30
2016-02-02 00:00:00+05:30,81.15,81.35,78.4,78.95,1197543,-0.02651048088779273,-0.09096142774899241,0.04155672823219003,0.03949967083607642,0.1466957153231665,-0.023432552248258465,-1.0498313632753167,0.7463612364791032,2.6474870639293044,0.0187871927675693,0.017052181140856992,1.0,0.5561465,-0.023711460132367367,-1,2016-02-03 00:00:00+05:30
2016-02-03 00:00:00+05:30,78.3,78.6,76.7,77.1,1631586,-0.023432552248258465,-0.1341942728804043,0.024584717607973428,0.014473684210526194,0.12967032967032965,0.011024643320363348,-1.550091538647365,0.3343235352338354,2.3943971261347343,0.01914218656164675,0.01714341819304713,1.0,0.5459515,-0.043067271591894954,-1,2016-02-11 00:00:00+05:30
2016-02-05 00:00:00+05:30,77.05,79.4,76.95,78.8,990075,0.010904425914047389,-0.09736540664375715,0.04926764314247678,0.022712524334847606,0.15373352855051237,-0.004441624365482122,-1.7573602606206435,-0.1268553968393462,2.0380862720783455,0.019132850357394517,0.016844496822247305,1.0,0.5169369,-0.030930300691358496,-1,2016-02-09 00:00:00+05:30
2016-02-09 00:00:00+05:30,77.5,79.0,75.5,76.4,1139670,-0.026131293817718282,-0.11522872032426157,0.037338764426340765,-0.023017902813299185,0.0859985785358921,-0.0019633507853403787,-2.0464111608012416,-0.6066985123770081,1.6491539082710318,0.01901295446851727,0.016501214643960028,1.0,0.55478406,-0.0339466871950861,-1,2016-02-11 00:00:00+05:30
2016-02-11 00:00:00+05:30,76.15,76.25,73.5,73.85,1481460,-0.03147540983606567,-0.14525462962962976,0.011643835616438336,-0.05320512820512824,0.03721910112359539,0.00677048070413,-2.65640846050691,-1.2785784718229962,1.129135130213342,0.0197236302122518,0.01697116537333643,1.0,0.5746574,0.041119851307499504,1,2016-02-17 00:00:00+05:30
2016-02-15 00:00:00+05:30,75.1,79.05,74.8,76.35,2705520,0.02689979825151312,-0.11529548088064889,0.03245436105476651,-0.009727626459143934,0.11216314639475589,-0.02095612311722328,-2.6466119808030726,-1.6688512165730458,0.7135945796840275,0.0198400725709994,0.017247407230881563,1.0,0.5561766,-0.021178819393845597,-1,2016-02-16 00:00:00+05:30
2016-02-16 00:00:00+05:30,77.15,77.5,74.35,74.75,1650444,-0.02095612311722328,-0.10639569635385537,0.00877192982456143,-0.0279583875162549,0.08885651857246901,0.02943143812709037,-2.6844482138140506,-1.8612650891341502,0.503331153628082,0.018379952496446375,0.017430492181159316,1.0,0.53864956,0.05085841723349117,1,2016-02-22 00:00:00+05:30
2016-02-17 00:00:00+05:30,74.95,77.35,74.4,76.95,1951425,0.02943143812709037,-0.04112149532710274,0.039162727886563165,-0.0025923525599481634,0.12008733624454138,0.0019493177387912564,-2.350909727856319,-1.8461471056996146,0.39722708791447303,0.018668307735602598,0.017840461649530997,1.0,0.56521475,0.040744018770673726,1,2016-03-02 00:00:00+05:30
2016-02-22 00:00:00+05:30,77.45,78.85,76.95,78.65,908565,0.020103761348897686,-0.02358783364369943,0.039656311962987356,-0.016874999999999973,0.0479680213191207,0.002542911633820477,-1.363761968447534,-1.617417011178219,0.20336275850340257,0.01861978111576425,0.01793518637512544,1.0,0.5354264,-0.03164616681168632,-1,2016-02-25 00:00:00+05:30
2016-02-25 00:00:00+05:30,77.9,77.9,75.75,76.2,1618050,-0.01740812379110246,-0.08523409363745493,-0.005870841487279899,-0.014867485455720586,0.03673469387755102,0.021653543307086576,-1.0187386796575595,-1.482195302508913,0.028057315578138287,0.017874683425595304,0.01807471256270071,1.0,0.52973175,0.05053841636296136,1,2016-03-02 00:00:00+05:30
2016-02-26 00:00:00+05:30,76.65,78.6,75.7,77.85,1508514,0.021653543307086576,-0.051188299817184646,0.005164622336991442,0.13982430453879946,0.0506072874493928,0.005138086062941527,-0.8445225849211369,-1.4013674231717346,-0.005905142490576054,0.018722704778033596,0.018239166270246424,1.0,0.5396808,0.04089906284135998,1,2016-03-04 00:00:00+05:30
2016-03-02 00:00:00+05:30,78.9,81.65,78.65,80.15,1968450,0.023627075351213334,0.015199493350221749,0.017777777777777892,0.09945130315500683,0.1312632321806635,0.005614472863381126,-0.1029015262056987,-0.9636060723116913,0.0298308661337785,0.017723233963972133,0.018324934849614543,1.0,0.5454794,-0.0362059234621858,-1,2016-03-17 00:00:00+05:30
2016-03-08 00:00:00+05:30,81.1,82.05,78.75,79.15,1560243,-0.02404438964241662,0.004441624365482344,0.00956632653061229,0.08722527472527486,0.08054607508532441,0.020214782059380765,0.48623229181553995,-0.42958310952845125,0.19971904463164947,0.018405134401157736,0.018115507178501862,1.0,0.54823816,-0.023650830733645038,-1,2016-03-17 00:00:00+05:30
2016-03-09 00:00:00+05:30,79.15,81.35,79.05,80.75,1748715,0.020214782059380765,0.029318036966220484,0.05555555555555558,0.10920329670329676,0.11379310344827576,0.013003095975232082,0.6591836361262295,-0.25647868224345416,0.2674037599733339,0.01776826154579941,0.018230913765049293,1.0,0.53576034,-0.018750549345375917,-1,2016-03-15 00:00:00+05:30
2016-03-15 00:00:00+05:30,80.25,80.75,79.0,79.25,1126806,-0.01613904407200495,0.06590450571620732,0.005710659898477299,0.09461325966850831,0.09916782246879352,-0.003154574132492094,0.6994432258593974,0.1392419336865629,0.45451683520148833,0.016051964463815935,0.01816070585388223,1.0,0.5270427,-0.024913457164013744,-1,2016-03-17 00:00:00+05:30
2016-03-17 00:00:00+05:30,78.95,79.8,76.85,77.3,1971069,-0.021518987341772156,0.03411371237458183,-0.0140306122448981,0.06620689655172418,0.06254295532646048,-0.009702457956015542,0.08750245907917531,-0.08292993821123673,0.3376884562245408,0.014761515379609548,0.018336613460705625,1.0,0.54061466,0.03558189848093729,1,2016-03-28 00:00:00+05:30
2016-03-21 00:00:00+05:30,76.65,78.35,76.25,78.1,759837,0.020248203788373553,0.012970168612191912,-0.024968789013732784,0.04761904761904767,0.09460406447091807,-0.003201024327784907,-0.3647903640319896,-0.3381700869227018,0.1790728491858431,0.015612235466538579,0.018567614698480093,1.0,0.53607005,0.04628718676306114,1,2016-04-01 00:00:00+05:30
2016-03-28 00:00:00+05:30,78.35,81.0,77.1,80.1,1796280,0.036222509702457995,0.01585288522511097,-0.003731343283582267,0.09053778080326746,0.08389715832205669,0.003121098626716501,-0.2331925043912122,-0.35246917390480803,0.10849771707121647,0.016656244411028823,0.017888166111736797,1.0,0.594922,0.09235496055879258,1,2016-04-05 00:00:00+05:30
2016-04-01 00:00:00+05:30,80.6,82.2,80.35,81.8,782643,0.015518311607697122,0.045367412140574936,-0.04495037945125524,0.12285518188057654,0.13374913374913366,0.0024449877750611915,0.6717474407443973,0.20993680439862317,0.36284483866700157,0.0157170262250637,0.01753306446558394,1.0,0.5248148,0.0713535710244049,1,2016-04-05 00:00:00+05:30
2016-04-05 00:00:00+05:30,83.6,88.9,83.0,87.85,13578030,0.0713414634146341,0.09606986899563297,0.011514104778353573,0.20673076923076916,0.2399435426958363,0.008537279453614044,1.872255125142118,0.9892252691294914,0.7863760837417715,0.02163656004273339,0.019726087116911005,1.0,0.79922694,0.052118224386400305,1,2016-04-12 00:00:00+05:30
2016-04-11 00:00:00+05:30,89.75,92.05,88.6,91.05,2858988,0.01845637583892601,0.12755417956656334,0.06866197183098577,0.21643286573146292,0.14600377595972303,0.016474464579901094,4.093955478408617,2.99966079155476,2.0925417163034723,0.020502769150973946,0.019523980269327355,1.0,0.5309905,0.04562100448653941,1,2016-04-27 00:00:00+05:30
2016-04-18 00:00:00+05:30,91.4,93.55,91.4,93.25,2886135,0.009199134199134207,0.1576660459342023,0.07928240740740744,0.2618403247631933,0.19245524296675187,0.013404825737265424,4.977354672186863,4.303325806266741,3.137570738126783,0.019430353593535534,0.0189391768722584,1.0,0.5144735,0.04508100854519519,1,2016-04-29 00:00:00+05:30
2016-04-21 00:00:00+05:30,94.05,94.1,91.1,91.95,2339739,-0.026984126984127,0.16392405063291138,0.06546929316338357,0.26045236463331056,0.1289134438305708,-0.0016313213703099683,4.9181735308000185,4.8310904230068275,3.716544369798669,0.019757497118412168,0.01828691581265889,1.0,0.5586521,0.04258227140337876,1,2016-04-28 00:00:00+05:30
2016-04-26 00:00:00+05:30,93.0,94.85,92.5,94.2,3266841,0.012358946802794257,0.20614596670934704,0.14389799635701284,0.2534930139720559,0.21313586606567925,0.011677282377919207,4.462251319835701,5.208160496081007,4.379671031650773,0.01909306232135193,0.01804781426731148,1.0,0.51882046,0.07217252440433108,1,2016-05-02 00:00:00+05:30
2016-04-28 00:00:00+05:30,95.65,96.3,94.95,95.95,3330276,0.006820566631689395,0.24126778783958613,0.19118559900682808,0.25918635170603666,0.30013550135501355,0.016675351745700784,4.595080469588055,5.616338138482874,4.908751136286071,0.01769529971767066,0.01787112956714293,1.0,0.5119789,0.05376548353293958,1,2016-05-02 00:00:00+05:30
2016-05-02 00:00:00+05:30,97.55,101.65,97.25,101.25,5671482,0.0379292670425424,0.2601120099564407,0.24233128834355822,0.3572386058981234,0.345514950166113,0.00790123456790126,5.362965451082502,6.362170583829467,5.627671783511758,0.018558846555454544,0.018329100894254446,1.0,0.60155845,0.03159436541821718,1,2016-05-16 00:00:00+05:30
2016-05-04 00:00:00+05:30,102.05,104.75,101.35,103.55,4499463,0.014698677119059367,0.28553693358162624,0.2620353443022547,0.39461279461279464,0.4282758620689655,-0.0033800096571704463,6.213748991617649,7.252762334115587,6.466687377660506,0.01847912398750637,0.01790005469711388,1.0,0.5347826,-0.01802728478707882,-1,2016-05-09 00:00:00+05:30
2016-05-09 00:00:00+05:30,102.35,102.65,101.35,101.7,2550696,-0.003917727717923536,0.15765509391007404,0.2881570614312856,0.341688654353562,0.3479125248508945,0.013765978367748177,5.895934706107667,7.786000273544062,7.372621018641098,0.013312492723692473,0.017662019391100556,1.0,0.5104416,0.048930623471580136,1,2016-05-23 00:00:00+05:30
2016-05-11 00:00:00+05:30,102.35,105.6,102.1,104.4,4476606,0.012609117361784827,0.16778523489932895,0.3393200769724183,0.3836978131212725,0.40228341168569504,0.0,5.7861367252753695,8.071629626282188,7.933098088426604,0.013330258694502443,0.017219504575386492,1.0,0.519052,0.03667547855840656,1,2016-05-25 00:00:00+05:30
2016-05-19 00:00:00+05:30,103.85,104.75,102.85,103.15,774795,-0.006740491092922407,0.09153439153439158,0.38735709482178904,0.40915300546448097,0.425708362128542,0.004847309743092554,4.260542126672959,7.883298847381013,8.99672296567418,0.011272290803846272,0.015797651604499106,1.0,0.5099718,0.03477368700883357,1,2016-05-23 00:00:00+05:30
2016-05-23 00:00:00+05:30,104.35,107.25,103.8,106.8,2787774,0.030390738060781297,0.1633986928104576,0.42876254180602014,0.4412955465587045,0.4520734194425562,0.005149812734082326,4.0927651233384665,7.787887263244471,9.260164618971245,0.012301917226095594,0.016111487436509232,1.0,0.5927255,0.0873624389556716,1,2016-05-27 00:00:00+05:30
2016-05-26 00:00:00+05:30,108.8,110.35,107.55,109.55,2487894,0.011542012927054479,0.14952780692549839,0.4208819714656291,0.44620462046204623,0.464572192513369,0.0638977635782747,4.548530177132903,8.069319899614712,9.850463692358872,0.012248927730574219,0.015756947718661294,1.0,0.514937,0.061939299440290564,1,2016-05-27 00:00:00+05:30
2016-05-27 00:00:00+05:30,110.1,119.5,109.75,116.55,7136859,0.0638977635782747,0.21469515372589876,0.48188175460902727,0.540647719762062,0.566532258064516,0.0030030030030030463,5.6074369666066275,8.680149782230373,10.316475925886792,0.017635760539463804,0.017153257197502526,1.0,0.8328867,0.03788331790230128,1,2016-06-06 00:00:00+05:30
2016-05-31 00:00:00+05:30,117.5,120.3,117.35,119.6,4476312,0.02309666381522657,0.1812345679012346,0.5422308188265634,0.5757575757575755,0.5989304812834224,-0.004180602006689016,7.0934306142370644,9.770690971115343,11.236330388353679,0.01668545818737107,0.017181504855876287,1.0,0.5504926,-0.020270964373618992,-1,2016-06-03 00:00:00+05:30
2016-06-03 00:00:00+05:30,118.65,119.15,116.95,117.2,1587456,-0.008460236886632777,0.1356589147286822,0.4977635782747605,0.5230669265756984,0.5902306648575304,0.0328498293515358,7.172961156094246,10.483289155312804,12.237328500364782,0.01687518141709456,0.01729904062925018,1.0,0.513827,0.04013916759034426,1,2016-06-08 00:00:00+05:30
2016-06-06 00:00:00+05:30,117.35,122.6,117.35,121.05,7650081,0.0328498293515358,0.1856023506366309,0.5459770114942528,0.5539152759948651,0.6097074468085106,-0.003304419661296909,7.394838495326795,10.786982099657934,12.607202106749071,0.017604255891775496,0.01763264451659754,1.0,0.6001532,-0.01792087968733123,-1,2016-06-10 00:00:00+05:30
2016-06-10 00:00:00+05:30,120.3,120.9,118.65,118.9,2246130,-0.010815307820299491,0.13888888888888884,0.5022109917877446,0.5165816326530612,0.638869745003446,0.005466778805718997,6.478929774174844,10.963204768383605,13.567008062373588,0.018820381289004835,0.017345207468694005,1.0,0.5188997,-0.0037918730919417245,-1,2016-06-24 00:00:00+05:30
2016-06-20 00:00:00+05:30,118.35,121.65,118.35,121.05,1927122,0.012970711297071169,0.1678726483357451,0.5322784810126582,0.5381194409148664,0.627016129032258,-0.0020652622883106098,4.3924302297686495,9.844196588716486,13.99022841095612,0.017820767181400438,0.01649638108135347,1.0,0.5178147,-0.021712752779273033,-1,2016-06-24 00:00:00+05:30
2016-06-24 00:00:00+05:30,118.15,118.8,114.7,118.45,2020956,-0.012093411175979951,0.08124144226380658,0.521515735388568,0.46687306501548,0.5205391527599486,0.0654284508231322,2.995043226179135,8.714017554521206,13.833908147709352,0.012225972878506424,0.01631384227547325,1.0,0.52209866,0.06337701950231839,1,2016-06-27 00:00:00+05:30
2016-06-27 00:00:00+05:30,118.5,127.3,118.5,126.2,5850648,0.0654284508231322,0.08279708279708275,0.6326002587322122,0.563816604708798,0.6221079691516711,-0.010697305863708428,3.702302887588644,8.947184538274854,14.026285492883744,0.018928202181152213,0.017957219897985703,1.0,0.83600634,-0.022842107131747103,-1,2016-06-29 00:00:00+05:30
2016-06-29 00:00:00+05:30,125.0,125.15,123.2,123.35,2148108,-0.012014417300760916,0.031354515050167286,0.5351586807716242,0.45717660956881256,0.5844572896596019,0.0016214025131739973,3.844649401859101,8.882254203180437,14.151172077916826,0.018864509601695684,0.0182490083670323,1.0,0.52176356,-0.02006208535461863,-1,2016-07-13 00:00:00+05:30
2016-07-07 00:00:00+05:30,123.15,124.05,121.4,121.9,1897749,-0.004084967320261423,0.010360547036883494,0.387592487194081,0.40356937248128966,0.5862068965517244,-0.005742411812961423,2.716462399358875,7.885296660271607,13.925450056817397,0.017387591688936985,0.016428247753959933,1.0,0.50742745,-0.027023053605453318,-1,2016-07-14 00:00:00+05:30
2016-07-11 00:00:00+05:30,121.95,123.9,121.65,123.35,1640580,0.017739273927392718,0.026206322795341075,0.37975391498881406,0.3859550561797753,0.6040312093628086,-0.006485610052695545,2.2552669327662898,7.36136189043215,13.69521271053604,0.017289016766524282,0.01641300221673966,1.0,0.5308628,-0.02006208535461863,-1,2016-07-13 00:00:00+05:30
2016-07-13 00:00:00+05:30,122.55,125.65,120.25,120.9,2409261,-0.013463892288861579,0.01129234629861986,0.3278418451400331,0.41901408450704225,0.5178907721280601,-0.018610421836228297,1.673237743492109,6.755555062698775,13.386369697718166,0.017632791907623922,0.01661561428582786,1.0,0.52555144,-0.01878577473897443,-1,2016-07-14 00:00:00+05:30
2016-07-14 00:00:00+05:30,120.65,120.65,118.35,118.65,1093473,-0.018610421836228297,-0.0025220680958385477,0.2820097244732578,0.37405906195715133,0.5047558655675335,-0.010956595027391547,1.0365204544398523,6.24143972449383,13.103770625067114,0.018061686545900728,0.016836422964346193,1.0,0.5425967,-0.02517734868214173,-1,2016-07-18 00:00:00+05:30
2016-07-18 00:00:00+05:30,117.65,117.8,115.4,115.7,2382882,-0.014060502769492889,-0.03341687552213868,0.24075067024128693,0.33912037037037024,0.4900193174500964,0.00821089023336219,-0.33527724184996543,5.044291670381426,12.39137416159312,0.01845266056495759,0.01661265458560468,1.0,0.52695745,0.15390370526438268,1,2016-07-22 00:00:00+05:30
2016-07-20 00:00:00+05:30,117.0,119.1,117.0,118.45,1897770,0.01543077582511776,-0.021478727798430408,0.2882001087547581,0.37253765932792593,0.5098789037603568,-0.014352047277332192,-0.6998480349080438,4.262875669204192,11.813093108527553,0.018682307308369932,0.01660547924008505,1.0,0.5244373,0.1304134088592191,1,2016-07-22 00:00:00+05:30
2016-07-22 00:00:00+05:30,119.8,137.5,118.5,134.95,43227330,0.15588865096359728,0.1307080016757436,0.4502955400322406,0.6816199376947039,0.6629698089956868,-0.0007410151908113782,1.5170940616130082,4.902502029892588,11.930499719616222,0.03980796693640526,0.02583091882528002,0.47619048,0.9820732,0.032801774609484344,1,2016-08-05 00:00:00+05:30
2016-07-29 00:00:00+05:30,137.1,139.55,136.85,138.2,3859731,0.005456529647144492,0.12038913660316175,0.3649382716049381,0.6957055214723924,0.8006514657980455,-0.00361794500723589,6.493431292553467,8.13701104501419,13.574946283388414,0.03704338544706641,0.025532875097793017,0.52380955,0.54028726,0.020412526114435843,1,2016-08-12 00:00:00+05:30
2016-08-08 00:00:00+05:30,140.3,149.4,139.55,140.35,14213103,0.006453926138400901,0.15800330033003296,0.3612997090203687,0.8203631647211413,0.8467105263157895,0.0017812611328820172,6.516081774150706,9.537625746226638,14.830201566454775,0.036967518961915975,0.02560699436334689,1.0,0.5311972,0.04867140637581224,1,2016-08-23 00:00:00+05:30
2016-08-22 00:00:00+05:30,141.2,148.1,140.85,147.2,8775525,0.042123893805309676,0.260813704496788,0.37827715355805247,0.9692307692307691,0.9141742522756824,0.0010190217391303769,5.4395555359566,9.756726015405746,15.824175236365235,0.012825553251641133,0.02592242666758748,1.0,0.7547026,0.042559614418795896,1,2016-09-06 00:00:00+05:30
2016-08-26 00:00:00+05:30,147.35,151.65,147.1,148.75,11687070,0.03119584055459268,0.10512630014858848,0.27627627627627627,0.8912905276541638,0.859375,-0.0010084033613445564,5.615028373913873,10.075835726881422,16.355753642503515,0.0145327153552503,0.025054143022283874,1.0,0.61195606,-0.007422436235807417,-1,2016-09-12 00:00:00+05:30
2016-08-30 00:00:00+05:30,150.65,153.45,150.35,152.05,5332077,0.023216689098250365,0.10021707670043423,0.2713210702341138,0.9606705351386204,0.9406509253350355,0.004932587964485258,6.0746897285840475,10.42551372543167,16.71892962273496,0.015085592568365636,0.025081576178307197,1.0,0.5564418,-0.029364805933442057,-1,2016-09-12 00:00:00+05:30
2016-09-07 00:00:00+05:30,154.35,156.5,152.45,155.45,2800851,0.01204427083333326,0.11473646468268206,0.2884376295068378,0.9394884591391139,1.132373113854595,-0.004503055644901832,6.429108657064518,11.038924453171148,17.55832066909018,0.014361798519081136,0.024643144369864648,1.0,0.51381487,-0.026729101037035095,-1,2016-09-09 00:00:00+05:30
2016-09-09 00:00:00+05:30,154.65,156.85,150.4,151.35,3880257,-0.02197092084006469,0.07645803698435283,0.2591514143094842,0.8662145499383478,1.046653144016227,-0.024446646845061037,5.6845522984433785,10.795119682063984,17.647204748263178,0.015633370284746623,0.02487996006869598,1.0,0.57685786,-0.024750427277795896,-1,2016-09-12 00:00:00+05:30
2016-09-12 00:00:00+05:30,148.35,149.5,145.2,147.65,2458521,-0.024446646845061037,0.05313837375178321,0.2417998317914214,0.8654453569172458,1.0281593406593408,0.043684388757196047,4.586331321549352,10.220299904166836,17.44064574508714,0.016847906237705546,0.02514828784469384,1.0,0.5855989,0.04275713413613837,1,2016-09-14 00:00:00+05:30
2016-09-14 00:00:00+05:30,147.65,154.75,147.65,154.1,3806538,0.043684388757196047,0.09174636911087486,0.2890004182350481,0.908359133126935,1.1167582417582418,0.00454250486696961,4.636291754588768,10.18028892813544,17.48673170343335,0.01918128814089221,0.025657004498150573,1.0,0.68783975,0.046593754878214086,1,2016-09-26 00:00:00+05:30
2016-09-20 00:00:00+05:30,155.85,161.25,155.35,159.9,6056673,0.028295819935691302,0.12092534174553093,0.3380753138075314,1.017665615141956,1.208563535911602,-0.014383989993746127,5.07370176607202,10.193208095464144,17.719967751875572,0.019517073737542225,0.025772755256589154,1.0,0.57428735,-0.03857051807185774,-1,2016-09-29 00:00:00+05:30
2016-09-26 00:00:00+05:30,160.0,162.95,159.2,161.45,2285394,0.00654613466334153,0.09792587555253296,0.3465387823185986,1.0672215108834826,1.1656606304493629,0.006193868070610176,5.638725581736736,10.534487081940085,18.13959581450152,0.0175196262331233,0.024557126901977075,1.0,0.50602996,-0.04821739543623339,-1,2016-09-29 00:00:00+05:30
2016-09-29 00:00:00+05:30,162.45,162.85,147.75,153.85,4456557,-0.0500154368632294,0.03532974427994606,0.2322787344813777,0.9207240948813984,1.0946221919673245,0.011374715632109123,4.3968058438703395,9.98205801439488,18.05526706314052,0.019903745819521437,0.025469784108729365,1.0,0.7436244,0.025983819493545574,1,2016-10-17 00:00:00+05:30
2016-10-03 00:00:00+05:30,158.35,161.15,156.75,160.65,1707009,0.03245501285347041,0.05137434554973819,0.30028328611898014,1.0018691588785047,1.2112869924294563,-0.015873015873015928,3.7393916491988364,9.438441461919325,17.83002630457503,0.021095824776003445,0.02563611436178643,1.0,0.5873574,-0.022982280213559476,-1,2016-10-13 00:00:00+05:30
2016-10-10 00:00:00+05:30,158.65,159.3,156.2,157.35,1183890,-0.00031766200762395336,0.016801292407108148,0.2982673267326732,0.7759593679458239,1.123481781376518,-0.0022243406418811507,2.333319294330863,8.050427289697353,17.093472255786423,0.021025960964344892,0.025668180227180933,1.0,0.5062069,0.0604189893556918,1,2016-10-19 00:00:00+05:30
2016-10-18 00:00:00+05:30,159.15,161.45,158.45,161.0,1834890,0.01963267891070286,0.040051679586563305,0.3569321533923304,0.7396002160994057,1.1698113207547167,0.0381987577639753,1.9768053527859024,7.124983854336051,16.402636114750777,0.01819350879887539,0.025396890540859227,1.0,0.53569967,0.042559614418795896,1,2016-10-21 00:00:00+05:30
2016-10-19 00:00:00+05:30,161.0,167.85,160.65,167.15,4770660,0.0381987577639753,0.08892508143322475,0.42437153813378803,0.8089826839826839,1.2618403247631935,-0.022434938677834304,3.01335535961735,7.53113707571913,16.549204776697735,0.019759843825319378,0.025713110570640015,1.0,0.6226659,-0.02269043044020513,-1,2016-10-20 00:00:00+05:30
2016-10-20 00:00:00+05:30,167.9,167.9,162.65,163.4,4019607,-0.022434938677834304,0.0508038585209003,0.41227312013828876,0.7522788203753352,1.2110960757780784,0.028151774785801775,3.1681603803346263,7.550601028626943,16.513418425659637,0.019706604382704225,0.025842731808169202,1.0,0.5566888,-0.042506398869199845,-1,2016-10-25 00:00:00+05:30
2016-10-21 00:00:00+05:30,163.7,170.0,162.9,168.0,12508752,0.028151774785801775,0.05065666041275785,0.44020574367766807,0.7777777777777777,1.2966507177033493,-0.03720238095238093,3.8768313439530573,7.884238102679149,16.643801281795277,0.020217089353684197,0.01704280392285615,1.0,0.5649027,-0.03791204602224896,-1,2016-10-24 00:00:00+05:30
2016-10-24 00:00:00+05:30,168.35,169.1,161.1,161.75,4509348,-0.03720238095238093,0.02633248730964466,0.3655550865344026,0.7591082109842304,1.2172721041809456,-0.03183925811437405,3.426114454027527,7.6485564517741125,16.493036616438275,0.021805742317989936,0.017838918872366417,1.0,0.6270153,-0.032357149824307235,-1,2016-10-25 00:00:00+05:30
2016-10-25 00:00:00+05:30,162.35,162.35,156.25,156.6,4969695,-0.03183925811437405,-0.024299065420560817,0.34132762312633824,0.7058823529411764,1.1262729124236248,-0.034482758620689724,2.310248333609195,7.016683955141303,16.12778385606896,0.022984389377160182,0.018362963850308573,1.0,0.5917586,-0.03509131981127017,-1,2016-10-26 00:00:00+05:30
2016-10-26 00:00:00+05:30,156.15,156.15,149.7,151.2,4643280,-0.034482758620689724,-0.057356608478803084,0.12041496850685429,0.6249328318108542,1.0599455040871932,0.014880952380952328,0.7027130504012291,6.033326396981977,15.555656235103044,0.02408517365892255,0.018979285582405216,1.0,0.59796596,-0.03260245060753772,-1,2016-11-04 00:00:00+05:30
2016-11-04 00:00:00+05:30,153.7,153.9,145.15,146.35,5721276,-0.03207671957671954,-0.08901338313103024,0.0628177196804649,0.4341009309162176,0.9697173620457604,0.022890331397335206,-3.0140557106775248,2.1999303635201386,12.68152691089415,0.021176163495605242,0.01933416789172617,1.0,0.5881146,-0.03017395553663408,-1,2016-11-21 00:00:00+05:30
2016-11-07 00:00:00+05:30,147.55,151.1,147.3,149.7,2670159,0.022890331397335206,-0.05313092979127143,0.0808664259927796,0.44567841622404636,1.0161616161616158,-0.00501002004008011,-3.184022415456724,1.7001565518250459,12.200731780016213,0.021834367315634977,0.01946111203167271,1.0,0.5438991,-0.04160163481145883,-1,2016-11-15 00:00:00+05:30
2016-11-11 00:00:00+05:30,150.2,151.15,145.95,146.75,1641975,-0.029431216931216864,-0.06736574515411498,0.04560028500178137,0.42337536372453943,0.9501661129568106,-0.02146507666098807,-3.4813393996656146,0.05513702560713796,10.355515576118052,0.02309946800445201,0.020040861111444024,1.0,0.5744246,-0.021698802094082016,-1,2016-11-15 00:00:00+05:30
2016-11-15 00:00:00+05:30,147.15,148.3,142.75,143.6,2043846,-0.02146507666098807,-0.08535031847133756,0.021337126600284417,0.37547892720306497,0.9032471835652749,0.009052924791086436,-4.088334544997537,-0.6040789710149852,9.74640402750228,0.02321302435303824,0.020246251252504868,1.0,0.54276633,0.06569123394613671,1,2016-11-29 00:00:00+05:30
2016-11-17 00:00:00+05:30,145.65,148.15,144.4,147.05,1876788,0.014837819185645307,-0.06871437618746035,0.041799504073680493,0.40381861575179,0.9966055668703326,-0.011220673240394441,-4.009988651722466,-1.274147676772543,8.821296369323392,0.023184682158979564,0.020309610344353343,1.0,0.52321327,-0.03494560739874342,-1,2016-11-21 00:00:00+05:30
2016-11-21 00:00:00+05:30,145.75,146.05,140.05,142.0,2703639,-0.023383768913342595,-0.15046365539934192,0.01573676680972813,0.36145733461169716,0.8733509234828496,-0.005281690140845119,-4.38970837443506,-2.0864207807228183,7.812467239346773,0.020984669265884586,0.020481149908090704,1.0,0.5494291,0.07689583295899988,1,2016-11-29 00:00:00+05:30
2016-11-25 00:00:00+05:30,143.8,146.8,142.45,146.2,2069628,0.0256050508593475,-0.06641123882503197,-0.006793478260869512,0.3689138576779025,0.9730094466936572,0.005813953488372325,-3.7974569307201875,-2.9420990984521325,6.120235069050921,0.017558911779439003,0.01999947713816956,1.0,0.5554714,0.047747343244582505,1,2016-11-29 00:00:00+05:30
2016-11-29 00:00:00+05:30,147.5,154.15,147.2,153.35,3912720,0.04284257055423324,-0.0006516780710328351,0.04284257055423324,0.4159741458910433,1.041944074567244,-0.003586566677534986,-1.725519769584281,-2.1631923510498723,5.941169870290054,0.019901659075623215,0.020366399236394002,1.0,0.6352677,0.016491885503470333,1,2016-12-13 00:00:00+05:30
2016-12-09 00:00:00+05:30,154.6,158.2,154.15,157.25,3024150,0.02077247646867897,0.062141168524147083,0.02376302083333348,0.2990499793473771,1.0186136071887035,-0.003815580286168463,2.10254206804575,0.7782065208485278,6.07795026704386,0.017525662787784096,0.020104201299470305,1.0,0.5382127,-0.022183838509006217,-1,2016-12-14 00:00:00+05:30
2016-12-14 00:00:00+05:30,156.0,157.25,153.5,153.8,1254132,-0.01347017318794097,0.07103064066852371,0.016187644532540624,0.2795341098169717,0.9896507115135837,0.01657997399219746,2.1846346919999178,1.4101300144028812,6.168616916046744,0.015462907813366802,0.019125171493313557,1.0,0.52328026,0.0626878174438177,1,2016-12-16 00:00:00+05:30
2016-12-16 00:00:00+05:30,156.0,164.8,155.95,163.75,10532322,0.047329708986248775,0.11356681400884039,0.06262167423750808,0.36971978251777493,1.1405228758169934,-0.015572519083969505,3.3919706842826827,2.374456509343304,6.552115153156109,0.018000894612689288,0.020079556987828977,1.0,0.6670826,-0.026610481059294755,-1,2016-12-21 00:00:00+05:30
2016-12-21 00:00:00+05:30,161.65,161.9,158.85,159.45,1360113,-0.007778469197261995,0.1288495575221238,0.02540192926045015,0.3320802005012531,1.0455420141116099,-0.01724678582627781,3.709340378116053,3.253865949113816,6.983857772199798,0.017458971866489398,0.019667433134748294,1.0,0.5134245,-0.02766032327357345,-1,2016-12-23 00:00:00+05:30
2016-12-23 00:00:00+05:30,155.85,157.15,154.0,155.1,1190844,-0.0102105934907466,0.08803928446159226,-0.0158629441624365,0.2812887236679058,0.9707750952986021,-0.03900709219858145,2.4439992026425728,2.9292781300074466,6.828105764298414,0.01759400553745655,0.01981566033068947,1.0,0.51683325,-0.03978825005841257,-1,2016-12-26 00:00:00+05:30
2016-12-26 00:00:00+05:30,154.1,154.45,148.4,149.05,2134347,-0.03900709219858145,0.01949384404924781,-0.07133956386292828,0.23385761589403975,0.9011479591836735,0.025159342502515836,1.0442822174466642,2.2611728103904056,6.474171989397917,0.019930075639334542,0.020408172448957283,1.0,0.62370926,0.05577835729969814,1,2016-12-29 00:00:00+05:30
2016-12-27 00:00:00+05:30,149.25,154.0,146.95,152.8,1685547,0.025159342502515836,0.03910234614076846,-0.04738154613466328,0.28026811897779647,0.9016801493466089,0.010798429319371472,0.5574752686185604,1.9729868061027958,6.290407023749822,0.018294847940454096,0.0206884656149803,1.0,0.5518938,0.045418743107488294,1,2017-01-06 00:00:00+05:30
2016-12-29 00:00:00+05:30,155.0,158.35,153.6,157.6,2104242,0.020394949821948893,0.03141361256544495,-0.02985534010464752,0.33051920641620924,0.951702786377709,0.004441624365482344,0.7857508060203884,1.9723792779000178,6.195619877972717,0.018867084031589702,0.019820804311111065,1.0,0.53653145,0.06924664638997566,1,2017-01-09 00:00:00+05:30
2017-01-04 00:00:00+05:30,158.0,158.65,155.35,155.65,1191957,-0.012059663598857573,0.017652827721477804,-0.03112356053532528,0.2598138405503845,0.8365781710914455,0.01317057500803065,1.1211012181062472,2.1603489523863857,6.154016796331831,0.018938792452610955,0.019314039883401635,1.0,0.5201429,0.08169692692613718,1,2017-01-09 00:00:00+05:30
2017-01-06 00:00:00+05:30,158.0,161.75,157.6,159.9,2144064,0.013950538998097839,0.03797468354430378,0.0025078369905957576,0.28847703464947627,0.8669001751313485,0.05628517823639778,1.527703248911564,2.3806715076123908,6.202312744962626,0.018780544648234233,0.019356220918305425,1.0,0.5208253,0.05475820397384588,1,2017-01-09 00:00:00+05:30
2017-01-09 00:00:00+05:30,160.95,169.85,160.05,168.9,6931488,0.05628517823639778,0.07408585055643879,0.055625000000000036,0.3799019607843137,0.955993051534453,-0.01598579040852588,3.0235934150997252,3.218841866229667,6.6142203264636805,0.022423918345327004,0.02064972705685894,1.0,0.7183672,-0.021847345081958774,-1,2017-01-18 00:00:00+05:30
2017-01-18 00:00:00+05:30,165.4,167.5,164.65,165.25,1535499,-0.0051173991571342725,0.028313627878033598,-0.011367035596769437,0.408180656156796,0.8972445464982779,0.0018154311649016819,3.957069841640731,5.067323860515842,7.925909517100223,0.019644432645220002,0.018943684628343147,1.0,0.5106185,0.06614464364259975,1,2017-02-02 00:00:00+05:30
2017-01-20 00:00:00+05:30,165.5,166.45,161.85,162.3,1658031,-0.019631531259438284,0.03573707721761332,-0.03392857142857131,0.3913416202314617,0.911660777385159,0.024953789279112737,2.9969675067458468,4.787653005105199,7.913029371166175,0.01956975246653727,0.018071406774240642,1.0,0.53940177,0.04899552406336652,1,2017-01-25 00:00:00+05:30
2017-01-23 00:00:00+05:30,162.35,167.2,161.9,166.35,2053620,0.024953789279112737,0.07253384912959371,0.028438948995363145,0.40439003799071327,0.9275782155272305,0.0009017132551849549,3.012871799387341,4.841722486438101,7.992353744864886,0.01756116349497712,0.018245276480988826,1.0,0.55122346,0.05951011990990985,1,2017-02-02 00:00:00+05:30
2017-01-25 00:00:00+05:30,175.0,175.15,167.95,170.45,9576450,0.023723723723723555,0.11551047120418834,0.12731481481481488,0.26306039273805126,1.1239875389408098,-0.0032267527134055562,3.4856914157256256,5.184633086657385,8.2726957009273,0.017464478745992846,0.018461738454045237,1.0,0.54670185,0.07159045309655294,1,2017-02-06 00:00:00+05:30
2017-02-02 00:00:00+05:30,169.65,177.65,169.65,176.55,3736788,0.0412857564140372,0.12059663598857506,0.16765873015873023,0.27749638205499294,1.1662576687116566,-0.001699235344095218,4.414362558703601,6.090360434204314,9.073710867157416,0.018735222147878212,0.0182901400871087,1.0,0.6281622,0.03341998572725055,1,2017-02-16 00:00:00+05:30
2017-02-06 00:00:00+05:30,177.0,185.4,176.85,183.1,2933013,0.038865248226950255,0.16106531388712741,0.22311289245156996,0.3220216606498194,1.2315661182205973,-0.0010922992900054274,6.182229237197731,7.339260703692844,9.907473090719805,0.020103921318658027,0.018695510941058122,1.0,0.6121416,-0.021250972200735213,-1,2017-02-14 00:00:00+05:30
2017-02-14 00:00:00+05:30,180.15,180.85,178.65,179.25,683202,-0.004166666666666652,0.08144796380090491,0.2370600414078674,0.2785306704707562,1.2747461928934012,-0.01562064156206422,6.15418268806377,8.898660952841567,11.670864511510445,0.01589334293178371,0.017550031805566992,1.0,0.5097034,0.046329811164514394,1,2017-02-20 00:00:00+05:30
2017-02-16 00:00:00+05:30,175.5,183.25,175.35,182.55,1566954,0.03457069991499018,0.09903672486453963,0.2555020632737277,0.29422190712513285,1.389397905759162,0.009038619556285932,5.412572745235394,8.728178888263358,11.881870438060304,0.017745460174357727,0.018064405843057064,1.0,0.5919238,-0.05865791831711314,-1,2017-03-02 00:00:00+05:30
2017-02-20 00:00:00+05:30,184.15,188.9,182.0,187.75,2000256,0.019272529858849197,0.1340984596798549,0.3292035398230089,0.3353485064011381,1.5423155044008126,0.005592543275632522,6.228495810886415,9.354351503298403,12.496449428316822,0.016963072320484874,0.017907368927778763,1.0,0.5324312,-0.0867451008597113,-1,2017-03-02 00:00:00+05:30
2017-02-22 00:00:00+05:30,187.65,188.65,184.35,185.25,895617,-0.018802966101694962,0.11361587015329122,0.29954401964223076,0.31150442477876106,1.4263261296660121,0.00026990553306349696,6.378232159601367,9.743866789915245,13.025922349069106,0.017371828653890357,0.01742182127640959,1.0,0.5380853,-0.07334007439166353,-1,2017-03-02 00:00:00+05:30
2017-03-02 00:00:00+05:30,186.5,187.0,170.45,172.15,5403675,-0.07296715131933218,0.021661721068249262,0.11640726329442286,0.15731092436974792,1.1888111888111887,0.037757769387162465,3.075193309254473,8.411558846036598,13.096668818839419,0.02420645946811842,0.019963763588727434,1.0,0.83838886,0.057835887855698154,1,2017-03-14 00:00:00+05:30
2017-03-03 00:00:00+05:30,170.4,181.15,169.6,178.65,8469102,0.037757769387162465,0.05367148333824834,0.17301378857518057,0.20222072678331093,1.26569435637286,-0.0033585222502098278,2.278153716112257,7.839845741835319,12.885107900250091,0.0239087959610889,0.020482584673024773,1.0,0.60077405,0.04968270617482539,1,2017-03-20 00:00:00+05:30
2017-03-14 00:00:00+05:30,181.15,183.1,176.85,182.4,1855041,0.03138252756573379,0.004128819157720898,0.16437918927545492,0.17336764232872315,1.27573300062383,0.020010964912280826,0.6346888298037925,5.536926525069333,11.767870930628817,0.02351786622550274,0.02058428170772261,1.0,0.5726989,0.0479021342314801,1,2017-03-21 00:00:00+05:30
2017-03-16 00:00:00+05:30,186.65,188.0,185.5,186.7,1003734,0.003493684493415694,0.03722222222222227,0.21391417425227544,0.2335645853980839,1.3020961775585698,0.00026780931976433386,2.0933060142647264,5.963456695050496,11.938636259530853,0.023768741545799,0.01973289363088995,1.0,0.50917864,0.016731236130134337,1,2017-03-30 00:00:00+05:30
2017-03-21 00:00:00+05:30,187.75,192.0,186.65,191.35,2613267,0.019174434087882775,0.0482059709668583,0.18703473945409432,0.23611111111111094,1.339242053789731,-0.011235955056179803,3.6847831395305377,6.684193567024778,12.302798570359869,0.02250605279036039,0.019604680085480546,1.0,0.53159237,-0.021392602421668405,-1,2017-04-05 00:00:00+05:30
2017-03-29 00:00:00+05:30,190.25,193.8,188.75,191.75,1315809,0.008945014469876389,0.02321237993596581,0.25490837696335067,0.19544887780548614,1.5048987589810583,-0.00990873533246417,3.9256628992030187,7.0833664930955536,12.666331998438807,0.022133295780284834,0.01861840772507249,1.0,0.5125584,-0.02348083079732273,-1,2017-04-05 00:00:00+05:30
2017-04-05 00:00:00+05:30,188.5,189.4,186.05,187.3,721599,-0.006629541235746439,0.04841869577385949,0.18058619602899473,0.2174195645108874,1.33832709113608,-0.0082754938601175,2.4798657029866433,6.325609723053702,12.367266467175085,0.011658857540693127,0.018588535036823645,1.0,0.5122229,-0.022133157210013004,-1,2017-04-07 00:00:00+05:30
2017-04-07 00:00:00+05:30,187.0,187.15,182.6,183.2,864315,-0.013728129205922035,0.019476905954368462,0.17699967876646316,0.1403672580143167,1.2828660436137072,0.005458515283842891,1.0342049070286805,5.3599786110363254,11.849735618042587,0.012285850672616876,0.0173205268682688,1.0,0.52404153,-0.03104462168196016,-1,2017-04-24 00:00:00+05:30
2017-04-12 00:00:00+05:30,185.85,190.0,184.15,186.65,1986600,0.00619946091644219,0.05541419281877302,0.10509177027827121,0.16656249999999995,1.276219512195122,-0.021162603803911106,0.4376605725408922,4.474049999077295,11.236654955653023,0.009888896709505168,0.01718084991991692,1.0,0.50962406,-0.02138974197663186,-1,2017-04-13 00:00:00+05:30
2017-04-13 00:00:00+05:30,186.05,186.8,180.8,182.7,1001268,-0.021162603803911106,0.0016447368421050879,0.09927797833935026,0.16073697585768731,1.0796812749003983,0.013409961685823868,-0.10357817657353507,4.0010669008593425,10.923831793435795,0.010050852138984353,0.017313200369560827,1.0,0.5449467,-0.028311632825891307,-1,2017-04-24 00:00:00+05:30
2017-04-20 00:00:00+05:30,185.05,187.5,184.35,186.15,497814,0.005944339367738527,-0.00852197070572569,0.11936259771497282,0.17891070297656753,1.044481054365733,-0.02175664786462539,-0.036813690322247794,3.258006067778666,10.171968981159438,0.009488298888579048,0.01736258230088317,1.0,0.5092763,-0.021996813585163727,-1,2017-04-21 00:00:00+05:30
2017-04-21 00:00:00+05:30,186.35,187.25,180.25,182.1,1362027,-0.02175664786462539,-0.04834073686961071,0.09632751354605662,0.13105590062111805,0.9675850891410049,-0.02471169686985175,-0.5181456320818825,2.839491333520897,9.854480789232184,0.010321249003098288,0.01740978027112624,1.0,0.54727656,-0.025022156175492603,-1,2017-04-24 00:00:00+05:30
2017-04-24 00:00:00+05:30,181.5,182.35,175.6,177.6,1437726,-0.02471169686985175,-0.06131078224101483,0.07473524962178524,0.06251869578223146,0.9220779220779218,0.09375,-1.4933538991706428,2.1259128785559653,9.370125697578715,0.011500008731439401,0.017483867918132313,1.0,0.5578393,0.08961215868968714,1,2017-04-25 00:00:00+05:30
2017-04-25 00:00:00+05:30,184.5,198.0,184.5,194.25,14743215,0.09375,0.032695374800638,0.17336152219873147,0.1888004895960831,1.0831099195710454,-0.03294723294723301,0.2033789212533179,2.791007161551761,9.578589850121745,0.024356341437139,0.02117291864596171,1.0,0.92499995,-0.03350221722777898,-1,2017-04-26 00:00:00+05:30
2017-04-26 00:00:00+05:30,196.5,197.4,186.15,187.85,5127834,-0.03294723294723301,-0.013651877133105783,0.15742452248921746,0.11815476190476182,0.9878306878306877,-0.005855735959542141,0.5036476697121941,2.8487832010065404,9.502492558599926,0.02545256988432553,0.02148498827636848,1.0,0.58523154,-0.036318354678891565,-1,2017-05-02 00:00:00+05:30
2017-05-02 00:00:00+05:30,185.85,186.05,180.7,181.15,2196177,-0.015221527589018624,-0.05528031290743152,0.06277500733352892,0.1980820105820107,0.9468027941966686,-0.049958597847088115,-0.4876463017296828,2.07317083225081,8.793415501952808,0.025639817894536555,0.021674633730119637,1.0,0.5264949,-0.05124971412359257,-1,2017-05-03 00:00:00+05:30
2017-05-03 00:00:00+05:30,180.35,180.85,169.5,172.1,9386160,-0.049958597847088115,-0.09349486436660526,0.012948793407886905,0.12153796024763763,0.8269639065817409,0.02208018593840788,-2.244144689308399,0.9819438576389814,8.104311646005073,0.027790630297970617,0.022655611120222286,1.0,0.6714813,-0.027689545162118703,-1,2017-05-10 00:00:00+05:30
2017-05-10 00:00:00+05:30,166.65,173.0,163.75,167.4,9112578,-0.03986234585603665,-0.08624454148471605,-0.050212765957446726,0.14383327639221055,0.6403723664870162,-0.0038829151732377998,-5.252170837467929,-2.2663218004813075,5.418527193222133,0.029937864499484393,0.022417762231293745,1.0,0.6137865,-0.02479715807895551,-1,2017-05-19 00:00:00+05:30
2017-05-15 00:00:00+05:30,165.0,170.5,162.0,168.6,4934538,0.030562347188264116,-0.09670506295204939,-0.07081840727473132,0.13880445795339402,0.6513222331047992,-0.005931198102016588,-6.706449913209781,-4.379077960462581,3.467464654623541,0.030713885473702397,0.022891437468341123,1.0,0.56703776,-0.031940045591335606,-1,2017-05-19 00:00:00+05:30
2017-05-18 00:00:00+05:30,164.5,168.35,162.65,164.7,3328863,-0.004833836858006091,-0.11165048543689327,-0.08500000000000008,0.1469359331476323,0.5775862068965516,-0.008500303582270607,-6.747900770273134,-5.627517826964009,1.8549277235964894,0.03046151921187032,0.022394169122777186,1.0,0.5115519,-0.04343114321460188,-1,2017-05-23 00:00:00+05:30
2017-05-23 00:00:00+05:30,163.6,163.85,155.95,157.7,3693345,-0.03753433018004271,-0.13399231191652938,-0.13612708846891275,0.08459422283356255,0.509090909090909,-0.056436271401394955,-7.43681000052743,-7.057116241059504,0.09406081824897683,0.030762221004916004,0.022652065259479524,1.0,0.6019563,-0.058091371570001105,-1,2017-05-24 00:00:00+05:30
2017-05-24 00:00:00+05:30,157.7,157.75,147.8,148.8,5240664,-0.056436271401394955,-0.16216216216216206,-0.19218241042345263,0.04788732394366213,0.4266538830297222,0.046034946236559016,-9.053388519227553,-8.29475513815808,-0.9090537660007669,0.02247850028010888,0.023605214299540347,1.0,0.70198387,0.05109166115771109,1,2017-05-26 00:00:00+05:30
2017-05-25 00:00:00+05:30,148.65,157.0,147.5,155.65,7460406,0.046034946236559016,-0.19871299871299863,-0.17097203728362176,0.10194690265486739,0.4987963408762639,0.006103437198843542,-9.074968907822239,-8.776095356527662,-1.5568938895719953,0.02552081782010908,0.024449196013009645,1.0,0.6352903,0.05984958184417838,1,2017-06-06 00:00:00+05:30
2017-06-02 00:00:00+05:30,160.15,163.35,160.15,161.85,2684382,0.015051740357478804,-0.07987492893689607,-0.12843295638126007,0.05922774869109926,0.4774075764491099,0.013283904850169836,-5.531279978730595,-8.702856350462412,-3.8362576224171505,0.02347709298712442,0.022191951365944918,1.0,0.5233412,0.05235852849240142,1,2017-06-08 00:00:00+05:30
2017-06-07 00:00:00+05:30,165.85,168.15,164.8,166.3,2442756,0.006354009077155887,-0.04617149412102084,-0.06599269868014601,0.08657301535445927,0.3904682274247493,0.025556223692122737,-2.4048313468700258,-6.984853688669659,-3.8351897408144,0.021797284182558926,0.022268312364227938,1.0,0.5120948,0.014624943553757073,1,2017-06-21 00:00:00+05:30
2017-06-08 00:00:00+05:30,168.35,171.65,167.15,170.55,5058402,0.025556223692122737,0.018817204301075252,-0.05091819699499156,0.11507028440666911,0.43198992443324946,-0.0005863383172091119,-1.0692129514081046,-6.1091207364211755,-3.613457885992659,0.022510841259319538,0.022498543462332786,1.0,0.5491571,-0.03217435702785608,-1,2017-06-19 00:00:00+05:30
2017-06-19 00:00:00+05:30,169.4,169.55,164.4,165.15,1218948,-0.025951046888823437,0.011328842620943025,-0.11566265060240966,0.05628397825391751,0.388982338099243,0.013623978201634968,1.065873058656365,-2.6705417278292316,-2.5498315802967966,0.022407546617012438,0.02223883342615989,1.0,0.55450064,-0.02265865463251459,-1,2017-06-27 00:00:00+05:30
2017-06-21 00:00:00+05:30,167.0,169.55,166.35,168.75,1048543,0.008064516129032251,0.0700697526949905,-0.11810817873007573,0.046836228287841175,0.4186633039092056,-0.015999999999999903,0.8509285047216508,-2.328836743178414,-2.4497523978982088,0.0151841580198961,0.022283650967590038,1.0,0.51336354,-0.025811757117573296,-1,2017-06-23 00:00:00+05:30
2017-06-23 00:00:00+05:30,167.35,168.4,163.5,164.45,1117821,-0.009635651912074827,0.05653710247349819,-0.1257309941520468,0.03135779241141434,0.3738512949039263,-0.01824262693827916,-0.052878510568149295,-2.459995666441017,-2.5747664900868585,0.013116968550161232,0.022332579051075736,1.0,0.5163089,-0.021202207650602937,-1,2017-07-10 00:00:00+05:30
2017-06-29 00:00:00+05:30,164.55,167.2,162.85,166.05,3272359,0.012500000000000178,0.056970082749840945,-0.12628255722178372,0.11405568601140548,0.374586092715232,-0.0033122553447757497,-0.8631604490830682,-2.724450353990079,-2.842921959588949,0.014340798262452787,0.022556375828431625,1.0,0.51894236,-0.030884582838292696,-1,2017-07-10 00:00:00+05:30
2017-07-05 00:00:00+05:30,167.5,170.5,166.7,169.75,826357,0.017685851318944845,0.035060975609756184,-0.09970830018562726,0.07233101705622236,0.3450871632329635,-0.0008836524300441795,0.10649895707439327,-2.0128114672440915,-2.6248693587199625,0.01420754846886892,0.022639303357198805,1.0,0.52874637,-0.05292240145434255,-1,2017-07-10 00:00:00+05:30
2017-07-10 00:00:00+05:30,185.0,185.0,158.1,161.0,589582,-0.0439429928741093,-0.055995309293462414,-0.12117903930131002,0.03437198843559264,0.303116147308782,0.00248447204968949,-0.36823497973392705,-1.9015914852438982,-2.5797537053232418,0.016249103005651504,0.023243841582127226,1.0,0.63566923,0.12999252953287194,1,2017-07-12 00:00:00+05:30
2017-07-12 00:00:00+05:30,172.6,184.9,170.1,183.35,19839977,0.13599752168525403,0.06228273464658174,-0.011590296495956887,0.14665415884928068,0.47743755036261093,0.0027270248159259047,1.6701350206557777,-0.7577884717971131,-2.0228248200354813,0.03479980738374461,0.02912171621142467,0.47619048,0.9703862,0.08767019092124775,1,2017-07-14 00:00:00+05:30
2017-07-14 00:00:00+05:30,194.85,202.2,193.1,200.15,19381917,0.08865923307043788,0.1776993233303914,0.09551176792556104,0.2042719614921782,0.6419196062346184,0.021733699725206,7.285232976145096,2.8253033447612097,-0.04402168409757223,0.03951485277635758,0.03127623714558587,0.47619048,0.5458547,-0.024530247555949375,-1,2017-07-28 00:00:00+05:30
2017-07-19 00:00:00+05:30,207.1,219.4,206.55,208.45,5454141,0.009443099273607647,0.26218589161368433,0.12645231018643588,0.25761689291101053,0.70093839249286,-0.03430079155672816,14.424359245757216,9.031261293075687,3.9420104071051867,0.038254351863246445,0.031041907044347616,0.52380955,0.5402569,-0.03490287168106002,-1,2017-07-20 00:00:00+05:30
2017-07-20 00:00:00+05:30,209.45,209.95,199.6,201.3,4114815,-0.03430079155672816,0.20250896057347667,0.08138597904915401,0.21046301864101014,0.6650124069478909,-0.005961251862891315,14.37645780411961,10.01310722066762,4.844873478168779,0.03961395487133778,0.02904355658639518,0.61904764,0.5593743,-0.04547970344744176,-1,2017-07-31 00:00:00+05:30
2017-07-28 00:00:00+05:30,186.0,197.0,185.6,195.3,4724394,-0.021788129226145703,0.17615176151761514,0.06170154933405825,0.17297297297297298,0.6728051391862957,-0.015104966717869983,10.022854595795565,11.933924291896176,8.438745597947559,0.039525831276112845,0.027850080237033715,1.0,0.54248154,-0.03623490374458325,-1,2017-08-01 00:00:00+05:30
2017-08-01 00:00:00+05:30,185.25,190.5,185.25,188.35,3282809,-0.020795425006498558,0.13703591910654978,0.09442184776292861,0.10859329017068853,0.396737115313311,0.020175205734005885,6.494313781579621,10.582984418664324,8.508668328185252,0.0403850827616486,0.027911547281355028,1.0,0.5397354,-0.053713332918356324,-1,2017-08-04 00:00:00+05:30
2017-08-04 00:00:00+05:30,176.2,179.8,173.25,178.5,9593344,-0.04749199573105656,0.05247641509433976,0.016804329250925676,0.052786788557947384,0.2986540560203712,-0.007843137254902044,1.7601484933972245,7.940254749530936,8.006875086199955,0.04264336106531934,0.028401325380755592,1.0,0.56592256,-0.05173567439918886,-1,2017-08-09 00:00:00+05:30
2017-08-09 00:00:00+05:30,175.5,175.5,168.0,169.5,1632080,-0.03115175764504141,0.05018587360594795,0.016491754122938573,-0.07427635172037139,0.22382671480144412,-0.023303834808259483,-3.7899476545521793,3.722252362067593,6.206602357570233,0.028400935447452712,0.028392983210537837,1.0,0.54398394,-0.03176772980217714,-1,2017-08-16 00:00:00+05:30
2017-08-14 00:00:00+05:30,172.4,176.0,169.1,174.65,1812643,0.025844346549192432,-0.12740444666500128,0.042064439140811594,-0.038535645472061675,0.25242022230190053,-0.05983395362152888,-5.934142670408306,0.488037304324763,4.383186811297833,0.020624313504001297,0.0288800413288589,1.0,0.53730845,-0.06169877423451324,-1,2017-08-16 00:00:00+05:30
2017-08-16 00:00:00+05:30,175.0,175.7,160.1,164.2,10810055,-0.05983395362152888,-0.19706601466992668,-0.007854984894259842,-0.0953168044077135,0.16993231207695048,0.0,-7.084550144357195,-0.781033569679181,3.610555135611662,0.023235955094883173,0.029944383036350157,1.0,0.5882092,0.02585055277408855,1,2017-08-31 00:00:00+05:30
2017-08-24 00:00:00+05:30,165.0,170.1,165.0,169.45,2602725,0.026658588306573527,-0.16051523408471635,0.08866045615162221,-0.09747003994673775,0.20519203413940246,0.015343759221009279,-6.903454180735224,-4.567622559251333,0.2875183045482572,0.02367655470169858,0.028140825621889732,1.0,0.53854036,0.010274565654581336,1,2017-09-08 00:00:00+05:30
2017-09-04 00:00:00+05:30,169.9,169.9,165.1,165.85,1326667,-0.01863905325443793,-0.13687223523289105,0.024714241581711427,-0.10689283791060844,0.149740034662045,0.0072354537232439675,-3.8595526034672503,-4.335631860190432,-0.9395595027242791,0.023107698952965546,0.02830844234881858,1.0,0.52640367,0.07322468454310782,1,2017-09-18 00:00:00+05:30
2017-09-08 00:00:00+05:30,173.65,176.5,169.7,171.2,6173176,0.02300567672542564,-0.021434695627322142,0.003811199061858561,-0.047301057317751805,0.120418848167539,-0.016647196261682207,-2.713420253028062,-4.171430683797951,-1.6429920869653074,0.020518797907217987,0.028204289770713122,1.0,0.5492175,0.06144891091380091,1,2017-09-21 00:00:00+05:30
2017-09-15 00:00:00+05:30,170.75,174.8,170.55,174.0,2676653,0.011627906976744207,0.059683313032886876,0.009280742459396807,-0.0647675356087074,0.12439418416801296,0.025574712643678055,-0.5135294763984746,-2.8927816345083386,-1.7096122846432706,0.012819977901287149,0.028049835179152133,1.0,0.52114826,0.04522607540691357,1,2017-09-21 00:00:00+05:30
2017-09-18 00:00:00+05:30,175.5,178.9,173.6,178.45,2058757,0.025574712643678055,0.08678440925700359,0.052491890297847066,-0.04418853776111409,0.1790551701354477,0.006444382179882302,0.6351377715277522,-2.1503695780993723,-1.4193802806679514,0.013769007507237837,0.028214993780716735,1.0,0.5563996,-0.04118397279383464,-1,2017-09-25 00:00:00+05:30
2017-09-21 00:00:00+05:30,177.75,182.5,177.3,182.05,2797195,0.02650126867775593,0.10870889159561514,0.07881481481481489,-0.04860203814998687,0.1760335917312661,-0.024169184290030232,2.840818576495991,-0.22807922793205648,-0.5295781722705044,0.015021116347422096,0.028209528415274743,1.0,0.5590252,-0.024466052154406382,-1,2017-09-22 00:00:00+05:30
2017-09-22 00:00:00+05:30,181.0,181.8,176.8,177.65,1121514,-0.024169184290030232,0.07634050287791583,0.06985847636254139,-0.06104651162790686,0.15732899022801305,-0.03602589361103292,2.796371459595065,0.06633964541688897,-0.36076452265106695,0.015460819960982279,0.028358866184697136,1.0,0.5443412,-0.036690845324701404,-1,2017-09-25 00:00:00+05:30
2017-09-25 00:00:00+05:30,177.4,177.5,169.0,171.25,1033806,-0.03602589361103292,0.010622602537621706,0.04134995439343281,-0.0895800106326422,0.1012861736334405,0.005839416058394109,1.8046315855531532,-0.17651756091044035,-0.460920956196901,0.01736132416080622,0.02873554254015287,1.0,0.58519006,-0.036270325305536026,-1,2017-09-28 00:00:00+05:30
2017-09-28 00:00:00+05:30,168.5,169.95,164.0,165.15,1544439,-0.023358959195742046,-0.03926701570680624,-0.005420054200542035,-0.13101815311760068,0.028971962616822555,0.005449591280654031,-0.903365545389903,-1.2486691888807115,-1.0013359181523924,0.018063637851958504,0.028999814875464363,1.0,0.5398021,0.06049995019242543,1,2017-10-06 00:00:00+05:30
2017-10-04 00:00:00+05:30,169.0,170.85,168.0,169.9,632811,0.008308605341246222,0.024419656315948224,0.018585131894484297,-0.09962904080551127,0.0458602646968298,0.012065921130076429,-1.6334668247331194,-1.8688633659239144,-1.4539085381993857,0.017920690203484285,0.0289817231724463,1.0,0.5159309,0.0827104007981213,1,2017-10-10 00:00:00+05:30
2017-10-06 00:00:00+05:30,172.65,176.2,170.6,175.45,3321645,0.020354754289037436,0.053753753753753575,0.03449292452830188,-0.06326748531767235,0.14039649008774768,-0.01909375890567111,-0.40333355562282236,-1.322821978476071,-1.266654418716115,0.01852004735674179,0.028525148513248434,1.0,0.53982633,0.05056632744678366,1,2017-10-10 00:00:00+05:30
2017-10-10 00:00:00+05:30,175.0,185.8,172.55,184.55,7755665,0.07234166182452073,0.07797897196261694,0.1462732919254659,0.007368995633187936,0.14877061935885472,-0.004876727174207507,1.5689513856409576,-0.1981235655198077,-0.7325056715004052,0.024018826876494172,0.024455009157859565,1.0,0.7883796,-0.0024413412369754485,-1,2017-10-26 00:00:00+05:30
2017-10-17 00:00:00+05:30,187.5,194.25,186.4,192.95,1964030,0.029066666666666574,0.10890804597701154,-0.05647921760391206,0.042128004320820756,0.22624721957419758,-0.010106245141228265,6.3639557706462995,3.8821613172957257,1.7785172088142929,0.0240516742160203,0.021294657212705178,1.0,0.5597594,-0.06282969437474883,-1,2017-10-23 00:00:00+05:30
2017-10-23 00:00:00+05:30,189.1,189.1,180.05,181.2,1626246,-0.0513089005235603,0.008908685968819663,-0.13072679299592227,-0.020805187787084733,0.14213677907343203,0.00938189845474624,5.625055452543961,4.389375351404766,2.398492779471951,0.02698673844566899,0.02230298467066109,1.0,0.65047836,0.11532723874435452,1,2017-11-03 00:00:00+05:30
2017-10-27 00:00:00+05:30,175.0,182.3,171.75,179.45,4258009,-0.025258011950027193,0.04788321167883214,-0.11097349516968047,-0.07619047619047625,0.09822521419828623,0.020897185845639488,3.055984579387143,3.967818466844392,2.8348390831710333,0.025022841145552352,0.022325517977262527,1.0,0.54542494,0.05791661678065243,1,2017-11-02 00:00:00+05:30
2017-11-02 00:00:00+05:30,181.7,191.9,181.05,190.15,4079283,0.04794709286304766,0.1451370069256248,-0.011437483753574118,0.04968258349434174,0.2576058201058202,0.06941887983171169,2.8017089603670797,3.9583409497771243,3.304694104590652,0.026447705808768016,0.022930490428520443,1.0,0.6358784,0.06711539797896478,1,2017-11-03 00:00:00+05:30
2017-11-03 00:00:00+05:30,190.0,209.9,187.2,203.35,11876529,0.06941887983171169,0.20682492581602374,0.07963897000265474,0.18158047646717024,0.32518735744542204,0.013031718711581153,5.3411611943549815,5.393753881075384,4.170303898160796,0.02997566807279606,0.023736207908473108,1.0,0.7295824,-0.04141638472416806,-1,2017-11-10 00:00:00+05:30
2017-11-09 00:00:00+05:30,202.5,206.8,196.95,200.4,1947256,-0.0054590570719602605,0.16443927948866954,0.1315640880858273,0.1494121020934902,0.3253968253968256,-0.026447105788423242,8.514830548209801,8.651138395817327,6.773367078093742,0.026116551648925176,0.02322318082977816,1.0,0.5147845,-0.026803121581644298,-1,2017-11-10 00:00:00+05:30
2017-11-10 00:00:00+05:30,200.75,203.2,192.85,195.1,1422630,-0.026447105788423242,0.05716607965321052,0.11517576450414402,0.1654719235364397,0.33310556884181763,-0.03254741158380314,7.579668042038435,8.555560767576708,6.996667796911623,0.0269538972336117,0.023304051531245984,1.0,0.5474822,-0.0330888594999314,-1,2017-11-13 00:00:00+05:30
2017-11-13 00:00:00+05:30,196.35,197.35,187.65,188.75,1348633,-0.03254741158380314,0.02777021508303834,0.1135693215339233,0.13193403298350814,0.26085504342017374,-0.026754966887417297,5.872646550208486,7.945711462678844,6.939446286674524,0.028017471678155666,0.023532418906249714,1.0,0.56403846,-0.0271193959080542,-1,2017-11-14 00:00:00+05:30
2017-11-14 00:00:00+05:30,189.5,189.6,182.55,183.7,1687784,-0.026754966887417297,-0.01183431952662728,0.10963455149501655,0.1228606356968216,0.23329976502181937,0.0661404463799673,3.828553010717542,7.003422620177361,6.676192574461169,0.02869578906368841,0.02243129853490662,1.0,0.5469983,0.06404506789076031,1,2017-11-15 00:00:00+05:30
2017-11-15 00:00:00+05:30,184.0,198.3,183.7,195.85,6080386,0.0661404463799673,0.05693470048569882,0.150367107195301,0.16162514827995245,0.3228638973319824,-0.02374266019913207,4.025827357824596,7.105790778107433,6.911498118739132,0.03223014546531393,0.023902434472484732,1.0,0.6741309,0.0773486398723041,1,2017-11-20 00:00:00+05:30
2017-11-17 00:00:00+05:30,193.0,204.95,192.7,197.15,4369089,0.0311192468619248,0.021767297227261118,0.20066991473812434,0.1912386706948641,0.34344122657580933,0.07329444585341105,3.795831467868652,6.967610845394205,7.18282442006776,0.03274869593984709,0.024405982765282205,1.0,0.5498038,0.07073283966050808,1,2017-11-20 00:00:00+05:30
2017-11-20 00:00:00+05:30,204.0,212.5,203.5,211.6,8036268,0.07329444585341105,0.10785340314136116,0.2886723507917175,0.2847601700060718,0.47353760445682447,-0.009215500945179533,6.0423111722111855,8.185328490114557,7.981138815091043,0.03388824679797233,0.026020685988264226,1.0,0.68516004,-0.03486348997385802,-1,2017-11-22 00:00:00+05:30
2017-11-22 00:00:00+05:30,210.95,210.95,202.65,204.35,1780887,-0.02528022895301696,0.11727720065609626,0.24870149709746392,0.24717729630759844,0.389663379802788,0.007340347443112405,7.257036372218039,9.288429434345261,8.999758888336174,0.03488209126321056,0.026189041265321285,1.0,0.5399537,0.09002453127065782,1,2017-12-01 00:00:00+05:30
2017-11-28 00:00:00+05:30,209.0,218.5,207.3,216.05,6255503,0.04170684667309543,0.179312227074236,0.2557396105783203,0.37962962962962976,0.505050505050505,-0.010645683869474731,8.52431114973433,10.924015799523403,10.831517351060683,0.03423570869433538,0.026411027644752266,1.0,0.57373214,0.17103383585176746,1,2017-12-04 00:00:00+05:30
2017-12-01 00:00:00+05:30,222.5,225.0,218.65,223.6,6200604,0.03494561444110156,0.17591375230081518,0.32700296735905043,0.4142947501581278,0.5205712342740563,0.14646690518783556,10.383061844482881,12.833683908890663,12.679592521852072,0.030682613242746383,0.026609129650137984,1.0,0.55689365,0.13668495694876562,1,2017-12-04 00:00:00+05:30
2017-12-04 00:00:00+05:30,245.95,259.75,241.3,256.35,34163303,0.14646690518783556,0.2606343742316206,0.516863905325444,0.6077140169332083,0.6716661232474732,0.00019504583577112378,15.702725047753177,16.093063363347937,14.700657816515616,0.044065077435923534,0.03222825504118287,1.0,0.9309197,0.0062220694609491705,1,2017-12-18 00:00:00+05:30
2017-12-19 00:00:00+05:30,259.65,270.45,258.4,268.9,2986321,0.04245008722620658,0.2707939508506616,0.5068646679742224,0.5859628428192272,0.7483745123537058,-0.01673484566753436,19.782091374549793,28.489026713106142,28.61673706181807,0.03591886165567051,0.03227362655971486,1.0,0.56981075,0.007410185816230449,1,2018-01-03 00:00:00+05:30
2018-01-08 00:00:00+05:30,272.1,282.0,271.1,277.65,2156482,0.0266222961730449,0.061353211009174125,0.5825021373610715,0.6370872641509433,0.7500787897888432,-0.01764811813434175,11.340837560458795,25.452896362166996,34.40857587065969,0.013854181563977523,0.030083719728202937,1.0,0.5389286,-0.027198902161517702,-1,2018-01-12 00:00:00+05:30
2018-01-12 00:00:00+05:30,273.5,273.7,267.5,270.2,852638,-0.010618820944709007,0.048913043478260754,0.45346960731576114,0.4736842105263157,0.6898061288305188,-0.002590673575129543,8.12906014528295,22.72645660057563,34.25862147142922,0.014585770363911552,0.03020177585078762,1.0,0.5228174,0.052097929870992474,1,2018-01-19 00:00:00+05:30
2018-01-17 00:00:00+05:30,267.25,277.0,262.6,275.65,1362333,0.030852655198204904,0.06861794921496411,0.4286084477844001,0.34792176039119793,0.6496110113704368,-0.0212225648467258,6.374040205120025,20.559062701178874,33.6939147136971,0.012644249922781525,0.029414415620560266,1.0,0.60223705,0.0909638916771005,1,2018-01-22 00:00:00+05:30
2018-01-19 00:00:00+05:30,274.5,287.5,272.55,284.65,8746829,0.055040770941438,0.07658850226928893,0.570916114790287,0.3655552890381386,0.7173453996983408,0.0606007377481117,7.107689181433102,20.1097262800441,33.68927701729095,0.017283075430530478,0.030280342883439025,1.0,0.61074954,0.05883548131570222,1,2018-01-22 00:00:00+05:30
2018-01-22 00:00:00+05:30,284.45,307.2,279.55,301.9,8470009,0.0606007377481117,0.11835525097240218,0.6506287588846362,0.4997516145057126,0.8153938665063136,0.06608148393507807,10.49279929443992,21.643690992438678,34.599456975814036,0.02155989562583901,0.030720984720715112,1.0,0.6280025,0.06398976178583198,1,2018-01-23 00:00:00+05:30
2018-01-23 00:00:00+05:30,302.0,326.4,302.0,321.85,11193528,0.06608148393507807,0.19159570529433534,0.7539509536784743,0.6084457771114444,0.9376881396748948,-0.014292372223085326,15.565828321179197,24.37078626046798,36.191360177921894,0.025332156458945862,0.03155624718336377,1.0,0.6453099,-0.05804522644692186,-1,2018-01-25 00:00:00+05:30
2018-01-25 00:00:00+05:30,300.5,308.75,300.1,303.7,7737568,-0.042710795902285326,0.12315088757396464,0.6923934243521872,0.5045826108496407,0.8344910903050435,0.013170892327955208,17.944439679968298,26.59670699880155,37.97480395186423,0.028200670131907996,0.03220546926668761,1.0,0.57896006,-0.03774666016266831,-1,2018-02-06 00:00:00+05:30
2018-01-30 00:00:00+05:30,308.95,317.5,303.8,314.95,5078317,0.02356191095222626,0.17234319746882565,0.7536191536748329,0.577510643626346,0.8932972648031259,-0.02381330369899981,18.691443459411403,27.961994414179173,39.40054737861996,0.028298419930962018,0.030853913495668756,1.0,0.53387743,-0.05163593043203554,-1,2018-02-02 00:00:00+05:30
2018-02-02 00:00:00+05:30,307.85,310.5,296.85,299.1,2013345,-0.0337586819576805,0.10409745293466233,0.4708630440127859,0.5880010618529334,0.7604473219540908,0.011701771982614462,14.910820651652728,27.11244798985996,40.0915355547896,0.030529028759847948,0.03133059687388712,1.0,0.55724305,-0.012278347844218876,-1,2018-02-19 00:00:00+05:30
2018-02-06 00:00:00+05:30,280.1,298.15,280.1,292.45,2001630,-0.03354263053536033,0.08134590497319283,0.45064484126984117,0.5605656350053361,0.7356083086053411,0.009745255599247882,10.858483235166716,25.049033080002346,39.6277989136922,0.0313384898259361,0.03143559359897781,1.0,0.5566647,-0.009102682002452681,-1,2018-02-21 00:00:00+05:30
2018-02-08 00:00:00+05:30,298.2,310.45,296.3,307.45,3077890,0.041144598713172886,0.1272227314390466,0.5341816367265468,0.7360248447204969,0.7414330218068534,-0.013010245568385148,9.507919310798059,23.804169832337323,39.37628306399435,0.03190921753042299,0.03095084706340433,1.0,0.5678767,-0.03981285460779513,-1,2018-02-19 00:00:00+05:30
2018-02-19 00:00:00+05:30,304.6,304.95,291.0,295.45,1302244,-0.026363486571098993,0.07183021948122614,0.4986051230027897,0.7993300852618759,0.627823691460055,-0.031308173971907216,5.243890236858249,19.635357473507042,37.83297699152607,0.0318612969314017,0.028537024094019325,1.0,0.5428754,-0.031808750669333016,-1,2018-02-20 00:00:00+05:30
2018-02-20 00:00:00+05:30,296.0,296.15,285.15,286.2,1473471,-0.031308173971907216,0.06078576723498874,0.3525519848771266,0.7429963459196103,0.5899999999999999,0.012578616352201255,2.7070740773067996,17.794934885589214,36.865406969638,0.03055084607204764,0.028951969652681916,1.0,0.55215335,0.07939744228576605,1,2018-02-22 00:00:00+05:30
2018-02-22 00:00:00+05:30,290.5,314.5,288.0,309.85,14562000,0.06918564527260185,0.026333222921497423,0.5162711034988992,0.8933699969446991,0.7560215358458489,0.013716314345651126,3.2161971725278136,16.733518636517317,36.10084150089597,0.02772253278055395,0.03007944940677637,1.0,0.65879625,-0.03197255696179502,-1,2018-03-08 00:00:00+05:30
2018-03-07 00:00:00+05:30,317.95,317.95,301.15,302.1,2631553,-0.044592030360531165,0.010030090270812364,0.17846693973083672,0.7875739644970416,0.6150761828388132,-0.006620324395895438,5.649409315381661,16.39589610078309,35.386691765402475,0.02581977773037091,0.02394223510532528,1.0,0.5853145,-0.030073664982402375,-1,2018-03-16 00:00:00+05:30
2018-03-16 00:00:00+05:30,300.5,302.5,291.65,293.15,2941070,-0.023646960865945088,-0.03378378378378377,0.1380046583850929,0.717843539408145,0.6418370204424528,-0.012280402524304845,-1.1986104534833544,9.54930547777002,30.412825339470714,0.023297766249538596,0.02412036885402635,1.0,0.538328,-0.026092192944794614,-1,2018-03-23 00:00:00+05:30
2018-03-23 00:00:00+05:30,285.0,286.8,280.55,285.6,1240877,-0.01500258665287102,-0.01449275362318836,0.08018154311649028,0.5902004454342986,0.5293172690763053,0.0043767507002800965,-5.385473015400976,3.9425078057465157,25.55915843612098,0.014068742176911722,0.02347229596364646,1.0,0.5265741,0.05500662951221159,1,2018-03-27 00:00:00+05:30
2018-03-27 00:00:00+05:30,289.7,303.45,288.45,301.75,4948590,0.051943524490151605,-0.03931868831582308,0.11717882265827462,0.6575116726174126,0.5769532270708126,-0.015907207953604008,-3.6196207536468137,3.5042978001801544,24.369970122713312,0.018542917849295012,0.024367256596003032,1.0,0.6025119,0.027134714818246218,1,2018-04-12 00:00:00+05:30
2018-04-03 00:00:00+05:30,298.25,305.35,298.05,304.3,2441661,0.016875522138680044,-0.03396825396825398,0.12661977045538686,0.7666182873730045,0.5977946967708061,-0.016924088070982668,-0.3641951684835476,4.074015480987555,23.345192389365934,0.019090592573734633,0.0245385318914377,1.0,0.52607495,0.028508571429434703,1,2018-04-17 00:00:00+05:30
2018-04-09 00:00:00+05:30,304.75,312.75,303.6,309.75,3090582,0.017742730409068486,0.02532274081429975,0.14341085271317833,0.8382789317507418,0.6315512246510404,-0.002259887005649719,2.7639595926009974,5.340322279869895,22.55743578328378,0.016965595839503165,0.02459575462863419,1.0,0.5269392,0.02628586227092506,1,2018-04-23 00:00:00+05:30
2018-04-16 00:00:00+05:30,312.25,318.25,309.3,314.1,2543094,0.004477134633834368,0.03714710252600306,0.15946843853820614,0.7019777837984287,0.714519650655022,-0.003183699458771061,5.3857035838342995,7.372077125911744,22.38103238774795,0.016779562289259586,0.024437117746731647,1.0,0.5178452,0.05467026666771601,1,2018-04-26 00:00:00+05:30
2018-04-19 00:00:00+05:30,312.5,320.5,311.25,319.8,3086991,0.025493025493025456,0.10447245726126742,0.18664192949907243,0.7258499730167296,0.7133672649343692,-0.0032833020637899057,6.362626842917166,8.496781377827062,22.486387820532798,0.015952701000965522,0.02412813975643074,1.0,0.537794,0.04284621082788089,1,2018-04-30 00:00:00+05:30
2018-04-24 00:00:00+05:30,320.0,331.85,320.0,325.3,6757880,0.022955974842767235,0.12191757199517173,0.2057079318013344,0.7031413612565445,0.7545846817691477,0.0030740854595758815,7.791064678170642,9.998645890921523,22.972725984642807,0.01588988007347382,0.02033523807164446,1.0,0.53375596,-0.03694847340633045,-1,2018-05-03 00:00:00+05:30
2018-04-26 00:00:00+05:30,327.5,333.1,327.4,331.75,2820936,0.016702421084891172,0.15652780198710126,0.09887379927128204,0.813832695462001,0.7821649207628256,-0.015523737754333022,9.602056152250611,11.604894207199038,23.73504002293663,0.012112305242107407,0.019528841655233307,1.0,0.52555144,-0.056582313139341534,-1,2018-05-03 00:00:00+05:30
2018-04-30 00:00:00+05:30,330.0,338.95,328.15,333.8,2467770,0.02204531537048382,0.12409496548240462,0.05216706067769894,0.813145029875068,0.8795045045045047,-0.005542240862792203,10.281759727557585,12.728832804553633,24.35970923359571,0.012667989510719513,0.019564999703042204,1.0,0.5323765,-0.06274265115475933,-1,2018-05-03 00:00:00+05:30
2018-05-03 00:00:00+05:30,327.5,327.5,311.0,313.5,3079024,-0.055580659737912264,0.030233322379231042,0.01884952876178092,0.7112445414847162,0.6688847484695235,-0.001913875598086201,7.66789366321143,12.09738553250844,24.156774374080328,0.017902812209983538,0.020650576258818335,1.0,0.6286468,0.02255082552189639,1,2018-05-17 00:00:00+05:30
2018-05-14 00:00:00+05:30,316.35,322.5,312.2,318.35,1826798,0.010153894970649002,0.026769875826479606,0.07805621401964102,0.5799007444168736,0.8134434634007406,0.005340034553164674,0.9976816150583545,7.232715461615101,21.050827655148055,0.017112995709312614,0.018826137791667988,1.0,0.5198382,0.045141222396153986,1,2018-05-28 00:00:00+05:30
2018-05-18 00:00:00+05:30,315.6,329.05,315.25,324.8,3027877,0.012942460626851782,0.041526374859708115,0.07053394858272921,0.7681001633097444,0.9853300733496333,-0.03509852216748777,2.870733442573737,7.437953342541164,20.54812432249713,0.016365404166077492,0.018439522498939775,1.0,0.52180016,-0.03572927836560251,-1,2018-05-21 00:00:00+05:30
2018-05-21 00:00:00+05:30,322.2,325.9,308.1,313.4,1710169,-0.03509852216748777,-0.02001250781738595,0.042061512884455476,0.6002042379371968,0.8588374851720046,0.029036375239310797,1.7051661825555016,6.730557349037156,20.04713168969886,0.018233656650464645,0.01856077763111069,1.0,0.56450063,0.05146079790751012,1,2018-05-25 00:00:00+05:30
2018-05-22 00:00:00+05:30,314.0,324.95,308.2,322.5,1927693,0.029036375239310797,0.0117647058823529,0.0627780523974295,0.6867154811715481,0.9242243436754178,-0.010542635658914667,2.135046211030385,6.798700920686031,19.925041146009505,0.01939637256303652,0.01884397335649827,1.0,0.5450254,0.047534300228652765,1,2018-05-29 00:00:00+05:30
2018-05-25 00:00:00+05:30,322.5,331.9,319.55,329.95,1460439,0.02262513559584689,0.011186025130248245,0.138543823326432,0.5738134986882899,1.0205143906919778,0.009395362933777962,3.4645418450213015,7.167968909914748,19.662217035860294,0.019324186832162176,0.01692347758633048,1.0,0.5335311,-0.0829007557777276,-1,2018-06-05 00:00:00+05:30
2018-05-29 00:00:00+05:30,333.0,341.0,329.9,338.2,1703895,0.015463143672121316,0.03551745254133487,0.07672715695638321,0.6429438911829002,1.144578313253012,-0.0022176227084564903,6.268443398000613,8.783689176647158,20.289017908546043,0.01875325844171498,0.01695223877053851,1.0,0.5241024,-0.041351900320335214,-1,2018-06-01 00:00:00+05:30
2018-06-01 00:00:00+05:30,333.15,333.95,320.55,324.5,1605796,-0.024646828975052548,0.03508771929824572,0.03015873015873005,0.5019671372367507,1.0721583652618136,0.008474576271186418,5.581516262644016,9.120596589947695,20.372567813937508,0.015057896565940879,0.017262317739527286,1.0,0.54985815,-0.0662451640924416,-1,2018-06-05 00:00:00+05:30
2018-06-05 00:00:00+05:30,347.5,348.3,287.8,303.7,17474272,-0.07196333078686024,-0.029092071611253267,-0.025509385528637907,0.4056931265910668,0.933163590070019,0.0014817253868948388,0.9159855168900322,6.751886628369277,19.052688113680006,0.022466876794521928,0.018781184401198057,1.0,0.7145683,0.0023022539358276196,1,2018-06-19 00:00:00+05:30
2018-06-15 00:00:00+05:30,311.0,313.75,306.9,311.8,3096138,0.015139182809702278,-0.027600187119912523,0.03846794338051618,0.19807877041306443,0.8292754473452628,-0.005291853752405484,-5.102258366199408,-0.9650011151308604,12.699304201373877,0.02288188800076736,0.018590303691677516,1.0,0.52390754,-0.02401933063614549,-1,2018-06-19 00:00:00+05:30
2018-06-19 00:00:00+05:30,309.6,311.0,303.45,304.4,1026679,-0.018539416411413878,-0.02871729419272495,0.05128647901916761,0.18558909444985394,0.7853372434017594,0.024474375821287975,-4.950932104070773,-1.7023980368333582,11.584348034324307,0.020730724923522865,0.018772913937779898,1.0,0.5307473,0.041347480606966414,1,2018-06-25 00:00:00+05:30
2018-06-20 00:00:00+05:30,302.75,313.7,302.75,311.85,1955118,0.024474375821287975,-0.03302325581395338,0.08224882873503403,0.19666155026861087,0.8349514563106799,-0.005451338784672299,-4.065292167239136,-1.6079301283072027,11.25874056159654,0.02149576703109643,0.01889442721452562,1.0,0.53698677,0.007189103572469256,1,2018-07-04 00:00:00+05:30
2018-06-25 00:00:00+05:30,318.35,322.5,316.0,317.25,4081851,0.007782719186785192,-0.038490680406122135,0.11081932773109227,0.1998865355521937,0.9209809264305175,0.003940110323088941,-1.3931647170696806,-0.8491190953681667,10.618530679704065,0.020887448719375486,0.017695525343640457,1.0,0.51805854,-0.028616771702392296,-1,2018-06-28 00:00:00+05:30
2018-06-28 00:00:00+05:30,319.35,320.0,306.3,308.3,2513990,-0.03414786967418537,-0.0863831678767224,0.03822192288264015,0.14269829503335796,0.856669677807889,0.0047032111579630165,-0.48494766456036587,-0.30259653699908995,10.09615964272865,0.021614328046505094,0.01799185795039973,1.0,0.57068425,-0.008305560324823026,-1,2018-07-12 00:00:00+05:30
2018-07-03 00:00:00+05:30,307.1,315.75,306.05,314.25,1654383,0.020457866536775393,-0.03972498090145149,0.050476349657362585,0.1697375767727527,0.916158536585366,-0.0004773269689736237,-1.0194579576833576,-0.7139801428643295,9.112938798631376,0.013923183682311406,0.017959570243334916,1.0,0.5364283,-0.027421072903075074,-1,2018-07-12 00:00:00+05:30
2018-07-11 00:00:00+05:30,316.5,317.35,312.15,312.7,960233,-0.012630249447426634,0.013942931258106306,0.008547008547008517,0.12623806951197558,0.84375,-0.02222577550367766,0.574915757470194,0.3166198944771281,8.383115554515769,0.013603136870262812,0.01798416094207752,1.0,0.52019167,-0.022476489896513876,-1,2018-07-12 00:00:00+05:30
2018-07-12 00:00:00+05:30,313.05,315.0,304.55,305.75,1742004,-0.02222577550367766,-0.0009802319882372679,-0.02222577550367766,0.12098991750687449,0.8156175771971497,-0.020114472608340095,-0.7253439886197839,-0.3276381394965142,7.876074743950483,0.014552421844787783,0.01820784628280495,1.0,0.5484014,-0.02031952292421727,-1,2018-07-13 00:00:00+05:30
2018-07-13 00:00:00+05:30,305.75,308.8,297.4,299.6,2362799,-0.020114472608340095,-0.02458082370177428,-0.04616364215218083,0.10594315245478048,0.8608695652173914,-0.027870493991989376,-2.517523736024316,-1.3438342516135435,7.153819359354941,0.014739787449960112,0.018070095444302662,1.0,0.5403479,-0.02826624676315415,-1,2018-07-16 00:00:00+05:30
2018-07-16 00:00:00+05:30,300.1,301.0,289.0,291.25,1717726,-0.027870493991989376,-0.06590763309813985,-0.06978601085915048,0.06645917246429867,0.8045229244114003,0.015622317596566626,-4.942727488859987,-2.838963809880113,6.146491216564755,0.015837810590652018,0.0184002971899181,1.0,0.5703014,-0.01801538416537253,-1,2018-07-19 00:00:00+05:30
2018-07-19 00:00:00+05:30,293.55,293.9,283.0,286.05,1557450,-0.021716826265389733,-0.08273208273208277,-0.10258823529411765,0.06974569932685126,0.42917811641269044,0.00699178465303274,-8.597483499639736,-6.06511419611968,3.531107883217601,0.015416689940530508,0.018477253564773578,1.0,0.5448256,-0.03341345137041912,-1,2018-07-25 00:00:00+05:30
2018-07-25 00:00:00+05:30,288.15,288.2,275.0,276.65,1926004,-0.036733983286908134,-0.13139717425431718,-0.16608892238131134,-0.08363696588274261,0.37431693989071024,0.008855955178022956,-11.487325190524928,-9.959680675348466,-0.1837783447243737,0.016573525834717214,0.018659013402727253,1.0,0.61474675,0.057760678372728115,1,2018-07-27 00:00:00+05:30
2018-07-27 00:00:00+05:30,285.0,307.2,284.5,293.1,15507713,0.0501612325331422,-0.04930262731106061,-0.12192929898142602,-0.07612293144208027,0.46917293233082713,-0.005970658478335,-9.971783881433623,-10.419055630035302,-1.4221642452486094,0.019830629236642035,0.01863239755699496,1.0,0.69893086,-0.021903091707366793,-1,2018-08-06 00:00:00+05:30
2018-08-06 00:00:00+05:30,293.5,293.6,286.1,286.75,1088314,-0.016126265225596126,-0.0912692124861354,-0.08342656225027978,-0.0412905382815113,0.5224316432174145,0.0010462074978203617,-5.2191441118966395,-9.01677618229661,-3.174353507037722,0.018991413735552146,0.018664017348141864,1.0,0.52731043,0.041163697249182285,1,2018-08-16 00:00:00+05:30
2018-08-14 00:00:00+05:30,287.4,295.45,285.05,294.7,1989724,0.0309602938604161,0.011845493562231635,-0.08092936223296421,-0.03692810457516349,0.7386430678466076,0.013912453342382225,-3.7585143515098025,-8.539757470796815,-4.935600129390082,0.018751996642223143,0.0182873332273938,1.0,0.5858418,0.038117288180314346,1,2018-08-21 00:00:00+05:30
2018-08-20 00:00:00+05:30,296.0,304.7,295.5,302.05,2201651,0.02164721799425018,0.055934277224261475,-0.06341085271317826,-0.0046136101499422155,0.7294589178356714,0.01357391160403898,0.5418430445979538,-5.643831988108275,-4.115666667685616,0.018740099106441827,0.018301815452261207,1.0,0.5453402,-0.01635550477208078,-1,2018-09-04 00:00:00+05:30
2018-08-28 00:00:00+05:30,304.95,308.6,304.5,307.6,1218418,0.011343087292454479,0.10211393765675392,-0.0904790065050265,-0.02069404648201212,0.8733252131546896,-0.004226267880364176,4.771675668353396,-0.9216968481611616,-1.9228249804584152,0.012294316810540473,0.01799922489649655,1.0,0.5171685,-0.03456317581881939,-1,2018-09-04 00:00:00+05:30
2018-08-30 00:00:00+05:30,306.5,310.25,301.55,302.6,1318533,-0.012079660463597763,0.03861335163892221,-0.0904718966035466,-0.028415475999357787,0.7857775154912956,0.03106411103767348,4.480153028314874,-0.02953701430868705,-1.3432400283579682,0.012625768047807602,0.015436788817080476,1.0,0.51866806,-0.018174739541586046,-1,2018-09-04 00:00:00+05:30
2018-08-31 00:00:00+05:30,303.3,315.0,302.65,312.0,2741547,0.03106411103767348,0.06412005457025916,-0.03852080123266566,-0.00952380952380949,0.8134263295553616,-0.014743589743589802,5.394123351410428,0.9092484150552309,-0.7801384990235647,0.014103904009505251,0.015947069255216356,1.0,0.5868603,-0.04876612599681278,-1,2018-09-04 00:00:00+05:30
2018-09-04 00:00:00+05:30,308.45,309.9,294.6,297.15,1141103,-0.033344176968119754,0.016940451745379947,-0.021567336187026664,-0.04652655222204394,0.7286212914485164,0.049974760222110115,3.677257599584266,0.9216450870019912,-0.5460542397918857,0.016725893637592634,0.016633025456532467,1.0,0.59767836,0.0487661259968128,1,2018-09-05 00:00:00+05:30
2018-09-05 00:00:00+05:30,297.3,316.0,296.8,312.0,5274614,0.049974760222110115,0.07050952135872368,0.025809633404570098,-0.013282732447817747,0.8516320474777448,0.06233974358974348,4.564151367363422,1.699015332994918,-0.04449430253623632,0.019451267879278217,0.017829682627125906,1.0,0.6961288,0.060473780877918104,1,2018-09-06 00:00:00+05:30
2018-09-06 00:00:00+05:30,313.5,333.95,313.5,331.45,6862252,0.06233974358974348,0.15588491717523967,0.0938943894389439,0.09715326050976492,0.9612426035502959,-0.002413637049328732,7.88385488355442,3.8431329345471568,1.1947659262759203,0.023334862308757694,0.019363218264414454,1.0,0.76347494,-0.037659103111746806,-1,2018-09-10 00:00:00+05:30
2018-09-10 00:00:00+05:30,330.5,336.35,316.5,319.2,2674179,-0.03462876153031902,0.12731767614338696,0.05660377358490565,0.07276088052428165,0.9108051481592336,-0.002192982456140302,9.71708364395954,6.139536076730451,2.858862157333135,0.024842404457934928,0.019884569484371215,1.0,0.58357716,0.05885392635600074,1,2018-09-18 00:00:00+05:30
2018-09-14 00:00:00+05:30,321.0,332.25,319.55,331.45,2661991,0.03610503282275723,0.15952422599265326,0.07911443919908834,0.09443618953277189,0.9360397196261683,-0.009352843566148628,10.194737830736074,8.139107642443719,4.74686004551404,0.02492346249378101,0.020143523257558856,1.0,0.5854686,0.05659675029516979,1,2018-09-25 00:00:00+05:30
2018-09-18 00:00:00+05:30,328.5,342.95,328.0,338.55,5929150,0.031064412973960787,0.13303212851405632,0.09156859584072241,0.1548695207231794,0.9838851450336947,-0.013439669177374158,11.943269203574516,10.242487116472887,6.509733519592146,0.025450165561925926,0.02031734384796586,1.0,0.5556643,-0.02421643001519263,-1,2018-10-03 00:00:00+05:30
2018-09-25 00:00:00+05:30,334.0,354.4,330.0,350.75,4436652,0.054253080853621904,0.1447454308093996,0.1141994917407878,0.2096913260907054,0.9655365648641077,0.007270135424091162,13.928187387665162,13.788587507172622,9.989231473524626,0.028079592189860603,0.021632847415273094,1.0,0.6419949,-0.032599771983819525,-1,2018-10-01 00:00:00+05:30
2018-09-28 00:00:00+05:30,355.0,357.4,341.55,345.65,3334928,-0.02413890457368717,0.1236996098829648,0.08286340852130314,0.14548467274233623,0.8986542158747595,-0.017792564733111416,15.440852971559991,16.786176598427915,13.076841086897218,0.028845270970129178,0.02137170516822862,1.0,0.5428027,-0.0449713404748121,-1,2018-10-03 00:00:00+05:30
2018-10-03 00:00:00+05:30,340.0,345.0,327.5,330.45,1778466,-0.02665684830633286,0.09203569068076667,0.06682808716707012,0.10426065162907272,0.9296350364963504,-0.05492510213345436,10.884921762007764,15.468927280896764,13.43816202643518,0.02932791324136643,0.021692895179760398,1.0,0.548613,-0.056491097627428905,-1,2018-10-04 00:00:00+05:30
2018-10-04 00:00:00+05:30,327.75,327.75,309.5,312.3,2301884,-0.05492510213345436,0.0009615384615384581,0.014125669751583025,0.02628984554715741,0.8130624092888243,-0.0203330131284023,6.112059133155071,13.134113860268826,12.673417739543197,0.03189174191112616,0.022865578548690816,1.0,0.6499453,-0.04821396133009606,-1,2018-10-08 00:00:00+05:30
2018-10-08 00:00:00+05:30,305.5,306.3,290.25,297.6,2310185,-0.027292041183199722,0.0015143866733973166,-0.05253104106972306,-0.020408163265306034,0.8019981834695733,-0.013608870967741993,-2.7002485601781814,7.7759697478308,10.456061876691592,0.029762497964706668,0.023221282007817534,1.0,0.5493989,0.05093200601248485,1,2018-10-15 00:00:00+05:30
2018-10-10 00:00:00+05:30,295.05,309.25,295.05,308.2,1987023,0.049906319196048265,-0.07014632674611554,-0.023292663603232566,-0.005004035512510163,0.8290801186943619,-0.012491888384166039,-6.79259550619355,3.809879070869613,8.496912241051575,0.028556834469887906,0.02412201699590932,1.0,0.61936766,0.06985773640572565,1,2018-10-19 00:00:00+05:30
2018-10-15 00:00:00+05:30,305.0,316.95,304.15,313.15,2512736,0.03281662269129293,-0.016797488226059754,0.0014390789894467293,0.009998387356877858,0.7848389854659448,0.004151365160466325,-6.915414442568135,0.9294323833104841,6.69594652137107,0.02874976275227942,0.02392417882538483,1.0,0.5595247,0.05392435032031926,1,2018-10-19 00:00:00+05:30
2018-10-19 00:00:00+05:30,316.45,332.9,315.7,330.5,3966990,0.03849175176747832,0.006547890970001413,0.134763948497854,0.055573299265410325,0.7996188401851347,0.019515885022692858,-1.4542218671515457,2.0102390868307793,6.8124841041666855,0.028086910702618866,0.02409878658015475,1.0,0.57663137,-0.05488281684736844,-1,2018-10-23 00:00:00+05:30
2018-10-23 00:00:00+05:30,335.0,335.75,311.25,312.85,3005055,-0.07152396497996727,-0.0633233532934131,0.06993844049247633,-0.021732332707942392,0.6883432271991365,0.03068563209205677,0.22320828643734103,2.714788083502924,7.056605548957805,0.032368144473441475,0.025956200245811155,1.0,0.72711885,-0.03529682506950289,-1,2018-10-26 00:00:00+05:30
2018-10-24 00:00:00+05:30,314.0,323.9,314.0,322.45,2313408,0.03068563209205677,-0.04727433889791699,0.12725048068519484,0.011607843137254825,0.7197333333333333,-0.04124670491549076,0.6441862807716348,2.8564059481155937,7.073051255043424,0.03306461927041526,0.026199491259076866,1.0,0.55295616,-0.042121489451808644,-1,2018-10-25 00:00:00+05:30
2018-10-25 00:00:00+05:30,318.75,325.15,306.0,309.15,2631638,-0.04124670491549076,-0.07078449053201086,0.07325117167158468,-0.02783018867924536,0.6022285566208863,-0.02312793142487457,-0.9575883327184442,1.9406976296996277,6.547509361698246,0.03151872861946294,0.026319556578189702,1.0,0.59022427,0.06374975793798435,1,2018-10-31 00:00:00+05:30
2018-10-29 00:00:00+05:30,303.15,312.2,296.25,311.15,3317403,0.030298013245033006,-0.11930370789697153,0.08339136490250687,-0.04642966595157838,0.7171633554083885,0.027960790615458864,-3.2827027585362316,0.17839962486709737,5.413165474546759,0.0326363988409599,0.026008902136414675,1.0,0.55192393,0.003529037990460251,1,2018-11-14 00:00:00+05:30
2018-10-31 00:00:00+05:30,321.95,331.0,316.05,329.5,2577514,0.03017039237142405,-0.04672356429914648,0.18058043711931204,0.008879363135333662,0.7956403269754768,-0.021547799696509884,0.1303297716879115,1.4802528889448467,5.817066278227287,0.03381072157927442,0.026463383102579598,1.0,0.5513322,-0.04341767196129401,-1,2018-11-02 00:00:00+05:30
2018-11-02 00:00:00+05:30,324.4,326.35,313.8,315.5,1970670,-0.02140198511166247,-0.04524133756998028,0.08288999485155313,-0.04955565597228495,0.7581499024797995,-0.002377179080824132,0.15630988343747276,1.4793447769541785,5.665384973360744,0.0315507423319293,0.026796266718366962,1.0,0.53596073,-0.029756920122331165,-1,2018-11-20 00:00:00+05:30
2018-11-13 00:00:00+05:30,312.0,315.35,303.3,308.7,2163419,-0.013895543842836644,0.0016223231667749083,0.07654751525719261,-0.013265143039795535,0.5180722891566265,0.011499838030450293,-1.883373453802733,0.017113032533927708,4.465316401070368,0.02898662868900845,0.026964753558445076,1.0,0.52397454,-0.03242815623785035,-1,2018-11-28 00:00:00+05:30
2018-11-20 00:00:00+05:30,312.5,318.9,305.1,306.25,1958119,-0.02777777777777779,-0.03770620581304007,0.07136610110197639,-0.04684095860566451,0.5697078421322399,0.026612244897959103,-2.752822319398774,-1.2944214653543895,3.139890038047156,0.027140944071395823,0.026838505599861853,1.0,0.55015427,0.0208425026048588,1,2018-12-05 00:00:00+05:30
2018-11-21 00:00:00+05:30,305.0,315.6,305.0,314.4,1939859,0.026612244897959103,-0.04871406959152802,0.0668476416694943,-0.019491657570559817,0.6656953642384105,-0.00922391857506355,-2.226263224850072,-1.2094173784322493,3.033430374837735,0.027500947770413953,0.026910986386644565,1.0,0.54359627,-0.032487705615117865,-1,2018-11-27 00:00:00+05:30
2018-11-27 00:00:00+05:30,308.5,310.9,303.5,304.35,1494719,-0.009760858955588092,-0.05613273375717154,0.007614633338851151,-0.05627906976744179,0.5917887029288704,-0.01807129949071795,-3.5397381411147535,-2.379740959699518,1.982770543512288,0.01940295895890346,0.026950820603046422,1.0,0.51928973,0.03375916160331473,1,2018-12-11 00:00:00+05:30
2018-11-30 00:00:00+05:30,303.0,313.2,301.3,312.15,2588196,0.03635458167330663,0.003213883978788301,0.02900939508818179,-0.05394756781330512,0.4889100882423085,-0.012974531475252182,-3.9969373481926596,-3.4909070404571594,0.8025768529249149,0.018656902637385207,0.02743036338063904,1.0,0.56993645,-0.031237288439422514,-1,2018-12-06 00:00:00+05:30
2018-12-06 00:00:00+05:30,311.0,312.45,301.5,302.55,1237493,-0.03245922609529894,-0.04104595879556261,-0.00016523463317918985,-0.09062218214607753,0.4587753134040502,0.010246240290860964,-2.6864153384531733,-3.2610288766310873,0.20430674690243222,0.017926058390541632,0.02709974702052582,1.0,0.5628434,0.05404112693926771,1,2018-12-12 00:00:00+05:30
2018-12-11 00:00:00+05:30,304.75,317.1,302.2,314.8,1864351,0.031116934163118337,-0.01732480099890743,0.05939761063435989,0.036549226210075725,0.45707012265679237,0.01445362134688688,-1.5139251445086188,-2.8943809445392503,-0.10797163310576252,0.018346248288434976,0.025387027015577025,1.0,0.55482626,-0.030478856874104343,-1,2018-12-24 00:00:00+05:30
2018-12-14 00:00:00+05:30,320.5,329.0,319.05,323.95,2497730,0.010291595197255532,0.03746997598078461,-0.020263118100710686,0.06562500000000004,0.2634555382215289,-0.021762617687914876,2.8944271070020022,-0.1201816605570798,1.0428974709283807,0.01825039260253124,0.025087128736061618,1.0,0.5183389,-0.022002916199091272,-1,2018-12-17 00:00:00+05:30
2018-12-17 00:00:00+05:30,325.5,327.45,314.15,316.9,3964722,-0.021762617687914876,0.012298354895384112,-0.007205513784461215,0.04899040052962578,0.22119460500963384,0.007888923950773119,2.8514773404910443,0.18348064916358453,1.1832618096976262,0.018991628573027695,0.024806678743614925,1.0,0.536835,-0.03712760702773116,-1,2018-12-24 00:00:00+05:30
2018-12-21 00:00:00+05:30,319.5,321.5,308.85,310.45,1450234,-0.026191969887076616,-0.012563613231552084,-0.05451499923861747,-0.004329698524695336,0.19289145052833812,-0.016427766145917122,1.8044642289042372,0.7380760373747535,1.5268385878680988,0.01785071929972212,0.024580410596445754,1.0,0.5464538,-0.00048328635656723053,-1,2019-01-07 00:00:00+05:30
2018-12-31 00:00:00+05:30,312.5,315.9,310.0,314.5,1385682,0.013208762886598002,0.04415670650730408,-0.10334996436208121,-0.000952986022871749,0.16957976943101527,-0.0050874403815580616,-0.7856916937647043,-0.7960836861648772,0.5681605083136105,0.01592583477929072,0.023471056630335583,1.0,0.5211787,-0.027398974188114388,-1,2019-01-03 00:00:00+05:30
2019-01-03 00:00:00+05:30,311.35,313.25,305.5,306.0,886390,-0.01734104046242768,-0.018601667735728022,-0.11471141327932877,-0.041353383458646586,0.13291373565346154,0.0106209150326797,-1.299963752250278,-1.160357411204643,0.24765554515727217,0.015950823031907018,0.022135572505432126,1.0,0.5288254,0.048634534257048834,1,2019-01-11 00:00:00+05:30
2019-01-08 00:00:00+05:30,310.5,317.0,309.15,314.55,1470954,0.013696422816628973,0.02911827253394428,0.007204610951008661,0.021432050657574253,0.16456867826730837,0.0042918454935620964,-0.5187215810411203,-0.9571182678717491,0.1729501888647178,0.014425724092374565,0.021692366069961895,1.0,0.5217087,0.044306617165986106,1,2019-01-17 00:00:00+05:30
2019-01-11 00:00:00+05:30,315.4,321.8,314.05,321.25,1775791,0.019194162436548368,0.005949585094723542,0.09436211888945656,0.0239043824701195,0.18608085656267304,0.0046692607003890885,1.7465325951977775,0.39775273512429976,0.7858309399462087,0.012981861136462942,0.02079987287690355,1.0,0.52935463,0.03981915721662332,1,2019-01-22 00:00:00+05:30
2019-01-17 00:00:00+05:30,326.05,330.0,324.7,328.8,1100775,0.010603964960811396,0.029430181590482274,0.04997604981638193,0.051487048289095005,0.18422474338195594,-0.008515815085158196,5.24998274996608,3.28165044826153,2.4868364434047407,0.01172952669767622,0.019767124507958884,1.0,0.518473,-0.017642553177850382,-1,2019-01-30 00:00:00+05:30
2019-01-21 00:00:00+05:30,327.4,335.65,327.15,331.5,1826408,0.016871165644171793,0.039836888331242104,0.04163393558523176,0.10647530040053388,0.22369878183831693,0.008446455505279005,6.24946802378804,4.55231405490656,3.398102493623469,0.010531336580679543,0.017389078661351077,1.0,0.525728,-0.02134227348177255,-1,2019-01-28 00:00:00+05:30
2019-01-28 00:00:00+05:30,332.5,333.25,320.5,324.5,1809772,-0.02361967805024834,0.045425257731958935,0.04965227235969594,0.12654053115778496,0.17721748594231834,-0.0012326656394452407,6.234535294952934,6.7161258945658915,5.551031400087709,0.010830666116363727,0.01525681894055437,1.0,0.54099053,-0.022595429549647612,-1,2019-02-06 00:00:00+05:30
2019-02-01 00:00:00+05:30,320.5,334.75,320.5,333.1,1520377,0.027610674070646546,0.0885620915032681,0.010925644916540245,0.19347903977069159,0.034954171197763007,-0.02071450015010512,3.8778799368591876,5.930457893606956,5.845153719397786,0.011048447659347324,0.01462675259356055,1.0,0.54643565,-0.02093205501272052,-1,2019-02-04 00:00:00+05:30
2019-02-04 00:00:00+05:30,334.05,334.05,325.1,326.2,931368,-0.02071450015010512,0.054810024252223144,0.011786600496277888,0.1129307403616513,0.028211189913317503,-0.004751686082158257,3.3328836174270577,5.699335356926554,5.8796438606624974,0.012333169934805394,0.014893669710249524,1.0,0.5349952,-0.027820583592416362,-1,2019-02-06 00:00:00+05:30
2019-02-06 00:00:00+05:30,325.3,326.25,314.05,317.25,1179571,-0.022793777914677293,0.008583690987124415,0.00794281175536149,0.08202592087312421,0.03103672408189806,0.03325453112687149,1.0842356162255555,4.473498087704627,5.504250605797893,0.013292042647435203,0.014732600730830495,1.0,0.539147,0.0327135597152322,1,2019-02-07 00:00:00+05:30
2019-02-07 00:00:00+05:30,317.45,329.4,316.55,327.8,1614530,0.03325453112687149,0.03767014878126007,0.04179246782138901,0.12394993999657133,0.04080012700428637,-0.0019829164124467447,1.4355588902502063,4.51460896417376,5.608458781478305,0.015172432426416884,0.015210742331240392,1.0,0.561317,-0.017541609972576075,-1,2019-02-11 00:00:00+05:30
2019-02-11 00:00:00+05:30,327.45,327.5,320.55,322.1,730783,-0.015436344184624695,0.0026459143968873278,0.028909119948890005,0.1051638359924516,0.04054272330802777,-0.001086619062403038,0.9183430287890815,4.037120290772407,5.520154328010221,0.015064080373461509,0.015298002360620308,1.0,0.5259897,-0.046061818705664226,-1,2019-02-15 00:00:00+05:30
2019-02-15 00:00:00+05:30,319.95,321.0,305.4,307.6,1454160,-0.0414459333125583,-0.06447688564476883,-0.015522483597375514,0.07873049272312826,0.04165255672197765,-0.015279583875162706,-2.698049244248807,1.3738640014069006,4.252864714682119,0.017334185839077247,0.015427433713089068,1.0,0.5932323,0.02836501358982531,1,2019-03-01 00:00:00+05:30
2019-02-20 00:00:00+05:30,308.4,310.5,305.6,309.7,1046992,0.0053562733322511935,-0.07358659886329655,-0.014949109414758244,0.05089921954530041,0.012091503267973813,0.00355182434614143,-5.700173655188053,-1.6326952753132673,2.386944139637592,0.017404922091162293,0.015529818167370644,1.0,0.5151382,-0.012836312411875323,-1,2019-03-07 00:00:00+05:30
2019-03-01 00:00:00+05:30,312.0,317.2,311.5,316.45,848570,0.018506598004506047,-0.02375443467530458,0.027101590392729413,0.040440572086141824,0.02130062933677568,-0.009480170643071606,-3.518581700063578,-3.1807415601190883,0.2838414226169448,0.016231734914843064,0.014020780279393377,1.0,0.52835697,-0.03439747665403257,-1,2019-03-07 00:00:00+05:30
2019-03-07 00:00:00+05:30,303.5,310.65,303.5,305.75,4866730,-0.023318958632806308,-0.05821654089018935,0.01057676417121134,0.010409781890284187,-0.018301493016535497,0.005396565821749633,-3.3677192843023818,-3.466842925351955,-0.3632253432828634,0.01577636598099339,0.013773442623203623,1.0,0.54017204,0.039755195111519294,1,2019-03-12 00:00:00+05:30
2019-03-11 00:00:00+05:30,307.5,312.05,307.4,311.5,802978,0.013337670787247902,-0.049725442342892,0.02030789387487708,0.013337670787247902,-0.006062539885130724,0.02134831460674147,-3.1114177208889373,-3.6176503690488744,-0.788073960383997,0.014095674373084711,0.013762179562522228,1.0,0.52125794,-0.02075974650488383,-1,2019-03-25 00:00:00+05:30
2019-03-12 00:00:00+05:30,312.5,320.95,312.0,318.15,2108547,0.02134831460674147,-0.02751031636863821,0.010641677255400106,0.07067137809187285,0.020856730306433535,-0.02797422599402788,-1.7639553344432102,-2.99525772985362,-0.629506173444156,0.014686115042589008,0.013979921300164604,1.0,0.53328204,-0.02837295840620377,-1,2019-03-13 00:00:00+05:30
2019-03-13 00:00:00+05:30,318.45,318.45,308.0,309.25,1130509,-0.02797422599402788,-0.03989444271965237,-0.03162674181932057,-0.008814102564102533,-0.021979759645793795,-0.0016168148746968924,-2.0341897097518995,-3.1379133822520657,-0.838721994365244,0.015920173882856062,0.014164059519459116,1.0,0.5512114,-0.026541531782867292,-1,2019-03-27 00:00:00+05:30
2019-03-18 00:00:00+05:30,312.5,316.0,310.1,314.4,952515,0.009309791332263062,-0.020255531318167708,-0.007888923950773119,-0.015037593984962405,0.05662913796000657,0.000954198473282375,-1.3549001020559786,-2.849877582591432,-1.0925990232231015,0.013097304317994135,0.014189077376771182,1.0,0.517388,-0.01910630489940378,-1,2019-03-22 00:00:00+05:30
2019-03-22 00:00:00+05:30,315.0,315.0,308.0,308.45,760804,-0.017831555484795536,0.0012984905047881412,-0.03246549560853207,-0.06939206516820029,0.01849100214627697,-0.010860755389852428,-1.106875537054691,-2.5353766656907624,-1.22186417611573,0.012687512710644786,0.013779408938640544,1.0,0.5296344,-0.02395127616591764,-1,2019-03-27 00:00:00+05:30
2019-03-27 00:00:00+05:30,307.35,308.75,300.0,301.15,1276907,-0.014883873078181287,-0.030424983902125113,-0.02017244184154887,-0.09835329341317367,0.040062165429114005,0.007637390004980871,-3.4358335714903205,-3.8774982065118593,-2.23303338941588,0.013240754461195573,0.013706200202537438,1.0,0.5250279,0.041465984358177756,1,2019-04-10 00:00:00+05:30
2019-04-01 00:00:00+05:30,308.0,311.5,306.25,309.75,1202378,0.014742014742014753,0.005029201817001949,-0.015103338632750374,-0.1168923734853885,0.06828763579927588,-0.006941081517352621,-2.8454997218275935,-4.010167828951353,-2.726176807991237,0.013705491437411238,0.01369372838507719,1.0,0.5229636,-0.018902306314520327,-1,2019-04-03 00:00:00+05:30
2019-04-03 00:00:00+05:30,308.0,309.25,303.3,303.95,631713,-0.011866059817945529,-0.039500711012798284,-0.02392421323057159,-0.1418690005646528,0.059613038173261135,0.007896035532160006,-2.7974934654229173,-4.104974735390954,-3.0247576099832827,0.013145567448507915,0.013734573088978335,1.0,0.52114826,0.03221124965317626,1,2019-04-10 00:00:00+05:30
2019-04-09 00:00:00+05:30,303.5,309.95,301.75,309.4,1624259,0.019943959123124966,0.006506180871828304,-0.016372595771737553,-0.009285943003522368,0.016759776536312776,0.014544279250161551,-1.9477031985728672,-3.84256929817019,-3.365619978402435,0.01276806885709402,0.01369312375424535,1.0,0.5308932,-0.01810077955760134,-1,2019-04-22 00:00:00+05:30
2019-04-10 00:00:00+05:30,309.95,318.35,306.9,313.9,2419841,0.014544279250161551,0.007704654895666074,-0.006331117442228584,0.025984638012747086,0.049306368042787874,0.0028671551449508392,-0.7351731240418076,-3.1779006598297315,-3.1201455471947384,0.01224180342831029,0.013815519650778594,1.0,0.5226773,-0.020274226216418816,-1,2019-04-18 00:00:00+05:30
2019-04-18 00:00:00+05:30,312.0,312.45,306.2,307.6,804519,-0.011726907630521977,-0.0216284987277352,-0.05455663132011679,0.014511873350923521,0.0035889070146819524,-0.012191157347204107,0.3838976004814185,-1.7081988581176688,-2.508254407552897,0.010610549361649816,0.013621361298782894,1.0,0.5209533,-0.035910204141711574,-1,2019-04-30 00:00:00+05:30
2019-04-25 00:00:00+05:30,310.5,311.85,307.25,310.1,2320661,0.011085751548744804,0.016388069485414603,-0.0723900688004786,-0.06172465960665652,-0.0095816033216225,0.0006449532408900893,-0.5655774515115013,-2.007312680724567,-2.758677783445421,0.010453279052679253,0.013767382546547151,1.0,0.51880217,-0.04400479261662588,-1,2019-04-30 00:00:00+05:30
2019-04-30 00:00:00+05:30,309.9,309.9,292.7,296.75,3967777,-0.04366741862713508,-0.0146106591399634,-0.11431129682136998,-0.05146236215438715,-0.07207629768605384,-0.060151642796967275,-1.95794204105988,-2.6553287380511392,-3.130262298542277,0.013944261827994546,0.014547822175063351,1.0,0.6030906,-0.06203673885633429,-1,2019-05-02 00:00:00+05:30
2019-05-02 00:00:00+05:30,296.95,296.95,277.0,278.9,5329159,-0.060151642796967275,-0.08090294941506015,-0.16082443207462027,-0.13505969917816718,-0.12501960784313737,-0.012190749372534837,-5.679254809093607,-4.738652281326154,-4.261972330494643,0.019089801712767092,0.016408576338828824,1.0,0.67468846,-0.026338821635911235,-1,2019-05-06 00:00:00+05:30
2019-05-06 00:00:00+05:30,274.0,277.5,270.05,271.65,2636216,-0.01397459165154269,-0.12300242130750616,-0.16183276766430132,-0.1004966887417219,-0.16492468490624046,0.013988588256948375,-11.296253271970329,-8.69783876871253,-6.659083165111156,0.018709415067598344,0.01601709236497452,1.0,0.52359086,-0.02252305539525308,-1,2019-05-09 00:00:00+05:30
2019-05-09 00:00:00+05:30,272.5,273.95,261.1,265.6,3794341,-0.026571376214037046,-0.133017790109352,-0.20264184929450613,-0.19393019726858873,-0.18677281077770969,0.014495481927710774,-14.79449733844234,-12.8709764717903,-9.794767575811363,0.01950407097192291,0.0161117629728721,1.0,0.54716164,-0.0199645379933707,-1,2019-05-17 00:00:00+05:30
2019-05-13 00:00:00+05:30,269.0,270.45,260.25,262.6,1181187,-0.025422156244201077,-0.13433327839129716,-0.19112890805482818,-0.1676703645007923,-0.20891700557312842,0.007996953541507867,-15.907690771784814,-15.137563986715406,-11.828685105760599,0.01957960662004688,0.015834962745796856,1.0,0.54436547,-0.02819263762125767,-1,2019-05-23 00:00:00+05:30
2019-05-17 00:00:00+05:30,261.75,262.5,257.85,260.35,2056296,-0.009134157944814425,-0.17217806041335448,-0.19171064886681155,-0.1683437150614917,-0.16366848699004177,0.004417130785481005,-15.41660342227749,-17.851619526224283,-15.23076494673461,0.01913438699324982,0.015851162788544506,1.0,0.51822925,-0.019587555361469996,-1,2019-05-23 00:00:00+05:30
2019-05-23 00:00:00+05:30,262.95,263.0,254.25,255.3,1839483,-0.014856260852787795,-0.15978278755965114,-0.17002600780234067,-0.1829092654824771,-0.19805245798649285,0.047003525264394774,-14.180969292705242,-19.257616028344387,-18.032105892992547,0.018886576122355503,0.014819468457416874,1.0,0.5246443,0.04593229889743512,1,2019-05-24 00:00:00+05:30
2019-05-24 00:00:00+05:30,255.9,267.95,255.75,267.3,3107094,0.047003525264394774,-0.1288903372983543,-0.11753053813139636,-0.15142857142857136,-0.16481799718793932,0.030490086045641407,-12.207171365131899,-18.59624822965958,-18.199974428713517,0.0226258630293119,0.016152046109527998,1.0,0.610407,-0.00807591956173445,-1,2019-06-10 00:00:00+05:30
2019-05-27 00:00:00+05:30,267.3,276.7,265.95,275.45,2766564,0.030490086045641407,-0.10189109879360936,-0.10582697614023706,-0.10057142857142864,-0.14270152505446632,-0.017789072426937613,-9.418681801577065,-17.321038996776736,-18.005776659261187,0.023809494192030482,0.01669959993723805,1.0,0.5544222,-0.0409430159411944,-1,2019-06-07 00:00:00+05:30
2019-06-03 00:00:00+05:30,273.0,279.4,270.5,276.7,2047703,0.021221627606569538,0.004355716878402971,-0.1068431245965139,-0.07411745022586591,-0.13287370730178638,-0.023129743404408987,-3.344985466470746,-13.217866589640778,-17.476075425108945,0.01819467082376755,0.01682479401198441,1.0,0.5334035,-0.023401433510478176,-1,2019-06-04 00:00:00+05:30
2019-06-04 00:00:00+05:30,278.65,280.25,270.0,270.3,2369245,-0.023129743404408987,-0.004969630038652584,-0.12297209604153136,-0.10258964143426286,-0.1622501162250115,0.007214206437291759,-3.1360504199638513,-12.722304176806972,-17.4118456839322,0.01869457923438744,0.017017527011635312,1.0,0.53928655,-0.022069345304870883,-1,2019-06-07 00:00:00+05:30
2019-06-07 00:00:00+05:30,272.95,273.0,262.5,264.4,2635227,-0.02883379247015616,-0.03096939710463642,-0.1644809606572919,-0.14183706588769895,-0.20612520642546173,0.002836611195158767,-3.3774123231748945,-12.103567378048922,-17.399236997335265,0.018835317099565808,0.017191778521973865,1.0,0.55271477,-0.024891195090232146,-1,2019-06-12 00:00:00+05:30
2019-06-12 00:00:00+05:30,269.9,271.35,256.05,257.9,4531522,-0.039657419474958266,-0.01789794364051811,-0.15650040883074412,-0.14757891257643374,-0.22482717162608956,-0.003489724699495822,-4.670396065941247,-12.006010845018636,-17.72941370825447,0.019921895044705273,0.017544437589257278,1.0,0.58572924,-0.03793422037317802,-1,2019-06-14 00:00:00+05:30
2019-06-14 00:00:00+05:30,257.3,258.55,247.0,248.3,3790765,-0.033852140077821,-0.06407840180927249,-0.20288924558587473,-0.18670160497870947,-0.24125286478227648,-0.012082158679017296,-7.4076178911956845,-13.287679364164887,-18.662517931131617,0.021138191445047968,0.017698425620524993,1.0,0.5664443,-0.02075354242210907,-1,2019-06-18 00:00:00+05:30
2019-06-18 00:00:00+05:30,247.05,247.4,239.0,243.2,3112519,-0.008560945780676787,-0.0658728634530441,-0.21358124494745356,-0.23845310787537188,-0.20039454216669406,0.03186677631578938,-10.268056899011412,-15.121934542877682,-19.99703967894027,0.021163611849181977,0.017582380456679553,1.0,0.51779646,0.04029554017800924,1,2019-06-20 00:00:00+05:30
2019-06-19 00:00:00+05:30,244.2,252.5,242.7,250.95,4023193,0.03186677631578938,-0.04034416826003828,-0.18720647773279353,-0.21737096522688293,-0.17178217821782182,0.00896592946802155,-9.894891336904834,-15.20811762192443,-20.279139739230402,0.022540583439525932,0.018176380400792672,1.0,0.5582427,-0.008403410796379504,-1,2019-07-03 00:00:00+05:30
2019-06-25 00:00:00+05:30,249.0,250.0,245.2,246.3,1754510,-0.012825651302605157,-0.0785634118967452,-0.2157299793026588,-0.22364066193853427,-0.1952295376572455,0.026187576126674772,-8.751296562341167,-15.240354488670505,-21.17971997232786,0.018060956053807663,0.01821420813652707,1.0,0.5220316,-0.025494801899284728,-1,2019-07-05 00:00:00+05:30
2019-06-26 00:00:00+05:30,246.2,253.75,244.5,252.75,3178466,0.026187576126674772,-0.0824106008349973,-0.18058032095963683,-0.20718318695106652,-0.17711216018232123,-0.017408506429277937,-7.746870951831852,-14.806725821688474,-21.165992742184983,0.019121808565305376,0.01854522014835121,1.0,0.54385066,-0.05134535467337327,-1,2019-07-05 00:00:00+05:30
2019-07-02 00:00:00+05:30,253.0,255.65,250.1,254.3,2097823,0.008326724821570375,-0.06145045211293587,-0.16197067062118964,-0.16813869807000326,-0.18454385121051786,-0.02143138025953606,-5.1334481509389605,-13.285854425667594,-21.045870752965413,0.01900539976700148,0.018567619385545773,1.0,0.5170161,-0.021664367123510844,-1,2019-07-03 00:00:00+05:30
2019-07-03 00:00:00+05:30,254.25,254.95,248.25,248.85,1853775,-0.02143138025953606,-0.10065052403324903,-0.1847665847665848,-0.19829252577319578,-0.19764630017733353,0.0004018485031143104,-5.118796720446483,-13.110810737158374,-21.066264667001292,0.018919212279295553,0.018685759747802195,1.0,0.53551745,-0.03579480207735562,-1,2019-07-05 00:00:00+05:30
2019-07-05 00:00:00+05:30,249.0,250.35,238.85,240.1,2035287,-0.035549307089776994,-0.11808999081726357,-0.21944083224967503,-0.23266219239373598,-0.24318360914105597,0.0008329862557268086,-6.090017842117732,-13.324902538770033,-21.371647576453086,0.01928338757111447,0.019094166198944933,1.0,0.5714796,0.05094962851071005,1,2019-07-11 00:00:00+05:30
2019-07-09 00:00:00+05:30,240.7,247.15,238.6,244.95,2057019,0.019350811485642883,-0.07618329247595701,-0.20042435123225077,-0.1995098039215687,-0.23261278195488722,0.006736068585425636,-6.408771183033338,-13.432194303446522,-21.65191769144957,0.019612946965690582,0.019083868434853032,1.0,0.53029734,0.05248670324107419,1,2019-07-16 00:00:00+05:30
2019-07-11 00:00:00+05:30,247.2,254.25,246.9,252.65,2645060,0.024533657745336557,-0.020356727413726183,-0.1671336739739575,-0.18578794714792135,-0.1843422114608555,0.0037601424896100966,-4.451008423045124,-12.270532835600221,-21.24569172544915,0.018848097232761794,0.0193164793750976,1.0,0.5401902,0.03976859999791791,1,2019-07-17 00:00:00+05:30
2019-07-16 00:00:00+05:30,252.95,258.8,250.0,258.15,2314557,0.021567075583696083,0.05238483489604562,-0.17995552731893272,-0.18099619289340108,-0.17812798471824276,0.018400154948673197,-1.0780266769090758,-9.713530832471207,-19.99068911173191,0.01730509068646547,0.019573137036225475,1.0,0.5341569,-0.07165266858323473,-1,2019-07-19 00:00:00+05:30
2019-07-18 00:00:00+05:30,263.0,265.5,260.5,263.05,2702868,0.0005705591479652217,0.04821677625024923,-0.15458781937972033,-0.18497288923315258,-0.16637616859451754,-0.0864854590382057,1.8225702556512147,-7.26254306571326,-18.57682146718247,0.01629629377316195,0.01969090512578962,1.0,0.51421124,-0.09045598543439305,-1,2019-07-19 00:00:00+05:30
2019-07-19 00:00:00+05:30,263.25,264.7,238.0,240.3,17950305,-0.0864854590382057,-0.05094786729857814,-0.22795180722891561,-0.2579898100972673,-0.24647224835371584,0.025801081980857177,-0.5752825600134486,-8.00090135781545,-18.82560505948848,0.025496743324504,0.02242808259932175,1.0,0.80050105,-0.026139768245558172,-1,2019-07-30 00:00:00+05:30
2019-07-22 00:00:00+05:30,240.0,247.3,236.6,246.5,4151155,0.025801081980857177,-0.012221999599278721,-0.19863459037711317,-0.24235438758260341,-0.22166087780233656,-0.018458417849898656,-1.399074440377717,-8.11103219875281,-18.78304500297594,0.0262226596273501,0.022748664159212693,1.0,0.5425664,-0.03425133656154511,-1,2019-07-24 00:00:00+05:30
2019-07-24 00:00:00+05:30,243.2,243.2,235.1,238.2,1769322,-0.015499070055796649,-0.032886723507917215,-0.223724947042529,-0.26932515337423313,-0.22093213409648405,0.0016792611251050804,-3.9647454623022043,-9.103883717786402,-19.138466038473013,0.025811430616291698,0.022791221494801044,1.0,0.52550274,-0.050144985808052406,-1,2019-07-31 00:00:00+05:30
2019-07-30 00:00:00+05:30,240.0,243.6,232.8,234.1,3066345,-0.012444631934191208,-0.07176843774781916,-0.21112047177759063,-0.30129831368452475,-0.1993844049247605,-0.03225117471166161,-6.272253957876245,-10.465173233789045,-19.756533233916002,0.02590572573212819,0.02108792479823462,1.0,0.52167827,-0.032782703383717804,-1,2019-07-31 00:00:00+05:30
2019-07-31 00:00:00+05:30,233.0,233.6,224.35,226.55,4007230,-0.03225117471166161,-0.10912308297286666,-0.18770168519182495,-0.31833910034602075,-0.2080055934277224,-0.013242109909512245,-7.7900701350884844,-11.415934154197771,-20.268923107379038,0.026401521177166883,0.021327821315098243,1.0,0.56029475,0.006379957841293504,1,2019-08-16 00:00:00+05:30
2019-08-02 00:00:00+05:30,221.0,234.0,217.05,231.25,5716497,0.03444419592932224,-0.0710986141795541,-0.14872078041597636,-0.2864856525763654,-0.18645558487247138,-0.01210810810810814,-8.889654139886744,-12.574849986589498,-21.02180576255779,0.026825088903155256,0.021666140749658013,1.0,0.56471074,-0.026066528954335734,-1,2019-08-06 00:00:00+05:30
2019-08-06 00:00:00+05:30,227.0,229.4,223.7,225.3,2369955,-0.013788575180564533,-0.062421972534332126,-0.17427157778999458,-0.3049514113836186,-0.1856135911801915,-0.0015534842432313178,-9.253705487455079,-13.319770261963896,-21.615755803512712,0.026543988881064916,0.021435931754930564,1.0,0.5232072,-0.04099770162621013,-1,2019-08-19 00:00:00+05:30
2019-08-08 00:00:00+05:30,226.35,232.3,224.5,231.25,2693736,0.028006223605245628,-0.06224655312246552,-0.1417702727778808,-0.29107909258123843,-0.2110201296485842,-0.010162162162162147,-8.387658904202823,-13.387784977413986,-21.905631743825666,0.02664437471488517,0.021745407406314872,1.0,0.5476939,-0.03163013516038251,-1,2019-08-13 00:00:00+05:30
2019-08-13 00:00:00+05:30,230.6,232.25,222.8,224.05,2119261,-0.021188291830493644,-0.11652208201892733,-0.15357007933509625,-0.2937746256895193,-0.23584583901773526,0.03749163133229172,-8.051325439744716,-13.49488670714905,-22.188388788544074,0.026859639267792352,0.021870552382758743,1.0,0.53453356,-0.03543409542016337,-1,2019-08-19 00:00:00+05:30
2019-08-14 00:00:00+05:30,225.5,235.8,222.15,232.45,3091928,0.03749163133229172,-0.08013454689354971,-0.12382208820203555,-0.2908785845027456,-0.20298302760157716,-0.019143901914390193,-6.84248333867032,-12.967838050820035,-22.029198516072626,0.027923785714654186,0.02245084840935915,1.0,0.5737262,-0.07224000232460495,-1,2019-08-19 00:00:00+05:30
2019-08-19 00:00:00+05:30,231.4,231.4,214.9,216.25,5925621,-0.05153508771929827,-0.17744389501711666,-0.16938736316497027,-0.32862465072958713,-0.25802024360953846,0.009017341040462368,-7.791363211330719,-13.501831814915874,-22.479117282519695,0.029224086927775218,0.023441583654103964,1.0,0.62670124,0.05663162128766237,1,2019-08-27 00:00:00+05:30
2019-08-21 00:00:00+05:30,220.95,227.0,219.3,223.45,9297994,0.02406049495875351,-0.07012068248023318,-0.13858905165767155,-0.3012820512820513,-0.2215641874237938,-0.006936674871335757,-7.782672789484224,-13.730004535996699,-22.824841399377277,0.02300151292795272,0.022794670857397177,1.0,0.53887403,0.05294777639797121,1,2019-08-30 00:00:00+05:30
2019-08-27 00:00:00+05:30,223.9,229.9,221.25,228.85,3895225,0.031088082901554515,-0.04086336965632853,-0.16917770920312214,-0.2571011199480604,-0.1994052824908169,-0.03495739567402234,-5.24277510399412,-12.485320060743845,-22.560370464945265,0.023846500942056707,0.022797021778679642,1.0,0.5550253,-0.035583029057115675,-1,2019-08-28 00:00:00+05:30
2019-08-28 00:00:00+05:30,228.8,228.8,218.65,220.85,3686564,-0.03495739567402234,-0.08683068017366136,-0.18369987063389392,-0.2868905392315143,-0.25059382422802845,0.032148517093049556,-5.357011196349163,-12.430408578704458,-22.58123406287058,0.024651202594785072,0.02317652009378277,1.0,0.56719357,0.06465171373489627,1,2019-08-30 00:00:00+05:30
2019-08-29 00:00:00+05:30,218.9,228.95,218.9,227.95,4041972,0.032148517093049556,-0.03838852562750483,-0.15839025290751352,-0.2665701415701416,-0.2371151271753682,0.03355999122614617,-4.333739934499221,-11.778746839025501,-22.28830009212345,0.025766665284675108,0.02341286536539933,1.0,0.5576526,0.01264184229354752,1,2019-09-16 00:00:00+05:30
2019-08-30 00:00:00+05:30,227.95,237.2,224.5,235.6,3564896,0.03355999122614617,0.006407518154634806,-0.1320685209062442,-0.2414681262073407,-0.20311178758667336,-0.04329371816638361,-2.4364882327399755,-10.582904685568366,-21.68503744163334,0.02576981213985281,0.02372652519466092,1.0,0.5612869,-0.04425885017175561,-1,2019-09-03 00:00:00+05:30
2019-09-03 00:00:00+05:30,226.1,233.0,224.15,225.4,3311896,-0.04329371816638361,-0.005076142131979711,-0.16811219782247644,-0.2703140174813855,-0.25376593279258397,0.026175687666371017,-2.4862505575657394,-10.303672588414031,-21.510795437428442,0.027537754260683295,0.02428329145393983,1.0,0.5937506,0.010810916104215675,1,2019-09-18 00:00:00+05:30
2019-09-06 00:00:00+05:30,230.55,237.0,229.35,236.45,3702650,0.03005881071661931,0.0350186036331801,-0.13149678604224058,-0.23897650466688125,-0.22053733311356527,-0.012687671812222412,0.028649848567766867,-7.999591662107889,-20.122195847895483,0.02751886496204744,0.024605932084605257,1.0,0.5516704,-0.03617186593217528,-1,2019-09-17 00:00:00+05:30
2019-09-16 00:00:00+05:30,230.55,234.7,228.75,230.85,2295895,-0.007736943907156735,0.030350368221379043,-0.10175097276264589,-0.24902407286922568,-0.2600961538461538,-0.012129088152479928,0.8368930796620475,-5.486144963730226,-18.008613136631453,0.02531801331764535,0.02376786829664312,1.0,0.51775986,-0.024779252687462623,-1,2019-09-23 00:00:00+05:30
2019-09-23 00:00:00+05:30,228.0,229.95,224.15,225.2,2443651,-0.012497259372944658,0.007831729693443812,-0.11058451816745651,-0.27704654895666136,-0.31891728413730525,-0.003552397868561208,-1.287924884995789,-5.431909216125547,-17.065846530169438,0.021460891256451,0.023330226529586846,1.0,0.52184886,-0.031347701545823725,-1,2019-09-25 00:00:00+05:30
2019-09-25 00:00:00+05:30,224.95,225.5,216.5,218.25,4216139,-0.02740641711229952,-0.026321659602944525,-0.12525050100200397,-0.30648236415633934,-0.31475667189952905,-0.009621993127147732,-2.91627252580858,-6.1207001648116375,-17.107797293902422,0.022155396419159003,0.023203327200440316,1.0,0.54708296,0.06195787454407954,1,2019-10-03 00:00:00+05:30
2019-09-30 00:00:00+05:30,219.45,224.45,217.1,222.95,4672776,0.022237505731315776,0.009508716323296307,-0.10227501509965775,-0.26925598164536224,-0.32099893406426083,-0.003588248486207646,-3.9661953906930307,-6.924557177995865,-17.22315782543231,0.01886595736660592,0.023374062802413755,1.0,0.53528064,0.04623454603546635,1,2019-10-09 00:00:00+05:30
2019-10-03 00:00:00+05:30,222.5,233.0,221.45,232.2,4420153,0.04523970290344348,-0.014431239388794537,-0.07930214115781131,-0.22895566993192762,-0.3047904191616767,-0.004737295434969813,-1.9779789633463452,-5.971102634292805,-16.559481059811276,0.017450588406498324,0.02400898776840397,1.0,0.59861726,0.06421547154665001,1,2019-10-11 00:00:00+05:30
2019-10-10 00:00:00+05:30,233.0,243.2,233.0,240.15,5293267,0.028479657387580293,0.015648128568407804,0.00020824656393170216,-0.21927828348504552,-0.3202660628361166,0.031022277743077087,2.2511019329956525,-2.9646563415133755,-14.407890736502878,0.016849463100567452,0.023927670875323694,1.0,0.548087,0.05350820381108533,1,2019-10-14 00:00:00+05:30
2019-10-11 00:00:00+05:30,241.75,250.4,239.25,247.6,9019033,0.031022277743077087,0.060612550867423565,0.030378693300041615,-0.18539233426550417,-0.30095990965556185,0.023222940226171218,4.463472949538925,-1.3929923383431628,-13.371325134565751,0.018083251891012668,0.024055475016304898,1.0,0.55414474,0.05002027119007879,1,2019-10-15 00:00:00+05:30
2019-10-14 00:00:00+05:30,248.0,254.5,245.0,253.35,3897859,0.023222940226171218,0.0790034071550254,0.03429271279853041,-0.17300473314835985,-0.26703312599450313,0.027432405762778833,6.784974468940334,0.3856332217869465,-12.17102179240922,0.018321879768981086,0.02423823600974022,1.0,0.53648895,-0.033309660566362226,-1,2019-10-24 00:00:00+05:30
2019-10-15 00:00:00+05:30,252.2,262.6,251.25,260.3,6484566,0.027432405762778833,0.12101636520241188,0.05555555555555558,-0.1486508585445625,-0.23328424153166416,-0.001344602381867177,9.313960454486363,2.423074382656779,-10.773590542855771,0.019006435979350693,0.024484132588907966,1.0,0.54409295,-0.06037254064496312,-1,2019-10-24 00:00:00+05:30
2019-10-24 00:00:00+05:30,249.6,250.9,241.2,245.05,8606912,-0.051296941540843966,0.0745450559087919,-0.0684280555027561,-0.21243773099791086,-0.2048994159636599,-0.013874719445011285,9.430229804212075,7.509591805770839,-5.142829915464688,0.022469032411868598,0.02214761892098475,1.0,0.6199028,0.07297053127279574,1,2019-11-04 00:00:00+05:30
2019-10-30 00:00:00+05:30,244.15,249.6,244.0,248.25,3232514,0.01700122900450629,0.14850798056904924,0.04219143576826201,-0.19097278800716966,-0.21052631578947367,-0.008660624370594228,4.344703058064084,5.886073878765416,-4.167016739694873,0.021382693299826658,0.022018119642371246,1.0,0.52662885,0.05999649970307033,1,2019-11-04 00:00:00+05:30
2019-11-04 00:00:00+05:30,246.5,265.0,246.05,263.6,7579244,0.0704568527918783,0.18658564033310832,0.11200168740771987,-0.1504995165968417,-0.21768808428550224,-0.02788315629742044,5.4535578284353505,6.610133718698506,-2.6769266524985653,0.024270957937164144,0.023211677304117776,1.0,0.704094,-0.02827927217573433,-1,2019-11-05 00:00:00+05:30
2019-11-05 00:00:00+05:30,264.5,272.6,254.25,256.25,9080951,-0.02788315629742044,0.10357450473729557,0.09461768475010679,-0.1364785172704297,-0.1809173725427522,0.017560975609756113,5.809952206178963,6.977401166301092,-2.0988231337802006,0.025368931574303415,0.023175891599806656,1.0,0.5469499,0.02523975615783753,1,2019-11-20 00:00:00+05:30
2019-11-07 00:00:00+05:30,260.1,264.85,256.05,263.95,5664711,0.012272291466922214,0.1546369203849518,0.18072019682397666,-0.04192377495462796,-0.1462073427138929,0.0039780261413147056,7.505960167924854,8.3371533634338,-0.5973978914533973,0.025006799433385175,0.02312109467234569,1.0,0.5210569,-0.027851603392530497,-1,2019-11-13 00:00:00+05:30
2019-11-13 00:00:00+05:30,262.25,264.15,255.05,256.7,1384512,-0.02580645161290329,0.03675282714054928,0.139369729249889,-0.05919003115264809,-0.19743629826481168,-0.0077911959485781335,7.253217348906844,9.178856567729298,1.135380131654017,0.024165250330558528,0.023138005958225957,1.0,0.5434388,0.07448354856359235,1,2019-11-27 00:00:00+05:30
2019-11-18 00:00:00+05:30,258.55,263.0,257.3,260.5,1470719,0.01263362487852282,0.0021157914983651605,0.13805155089558752,-0.00799695354150809,-0.17432646592709988,-0.00748560460652592,5.488122502644472,8.674050909485487,2.0469788580422517,0.023635998968726167,0.02240005560463314,1.0,0.52139807,-0.023891589924647617,-1,2019-11-21 00:00:00+05:30
2019-11-21 00:00:00+05:30,263.75,263.95,253.35,254.35,2416856,-0.03215372907153735,-0.010118700136213299,0.11557017543859649,-0.031969552806850654,-0.2060246605275481,0.0060939650088460695,4.169022554734283,8.149242690214692,2.824259660209947,0.024953672421720294,0.021656430318537267,1.0,0.55860996,0.08368036517191306,1,2019-11-27 00:00:00+05:30
2019-11-26 00:00:00+05:30,257.65,270.75,257.3,264.35,7533282,0.02223511214230478,0.09393751293192643,0.1830387111210563,0.019082498072475085,-0.1534027221777421,0.04615093625874778,3.9941005967641843,7.8801885979031,3.555923262998391,0.022039613343883206,0.021712556438199783,1.0,0.53474617,0.04511765375922771,1,2019-11-27 00:00:00+05:30
2019-11-27 00:00:00+05:30,269.95,279.3,268.1,276.55,13468016,0.04615093625874778,0.13947259991759386,0.2462821090581344,0.06714258151649632,-0.11659479316403132,0.02603507503163982,6.121259990498288,9.010708115339213,4.421509749066814,0.023929849662827084,0.022124254145239258,1.0,0.5993386,0.04628166110194597,1,2019-12-10 00:00:00+05:30
2019-11-28 00:00:00+05:30,275.1,284.9,273.85,283.75,7459630,0.02603507503163982,0.16243342892257284,0.26589337497211685,0.11143752448100264,-0.09185469675148017,-0.007400881057268771,8.558538312405858,10.477422914056035,5.500255816694221,0.024221435228876785,0.02172968271645926,1.0,0.5418331,0.03156696374017891,1,2019-12-12 00:00:00+05:30
2019-12-06 00:00:00+05:30,288.05,293.35,286.05,289.0,4928960,0.008374040474528943,0.10834132310642386,0.282165039929015,0.06661745709540501,-0.05043535403318555,0.0006920415224913601,12.72102953697788,15.498899955489719,10.716076183986786,0.017441167329012134,0.01973157171612631,1.0,0.517833,0.001555882412581434,1,2019-12-20 00:00:00+05:30
2019-12-16 00:00:00+05:30,291.7,298.6,290.8,295.6,3806083,0.011116812040362634,0.14907677356656968,0.2730404823428081,0.10072612176503459,-0.0546850015989766,-0.016407307171853902,11.794790983404823,17.32643820872289,14.604294444453103,0.015490431917003665,0.019388197004091594,1.0,0.5198565,-0.021024618549033203,-1,2019-12-20 00:00:00+05:30
2019-12-20 00:00:00+05:30,294.1,295.0,287.75,289.45,1819717,-0.019478319783197806,0.13799882052290147,0.27035330261136714,0.17998369343660814,-0.08052731893265574,-0.013128346864743512,9.066409067321047,16.62067153993212,16.04786818783697,0.014508399808347828,0.019688110190274076,1.0,0.53175044,0.0389615674687661,1,2020-01-03 00:00:00+05:30
2019-12-27 00:00:00+05:30,289.5,293.0,288.0,292.4,1510004,0.00966850828729271,0.05731332489604046,0.303030303030303,0.17170907633740717,-0.0773114547175765,-0.002222982216142144,5.984069293189009,14.5923569066847,16.368989194016024,0.009488999587193753,0.019275066096482968,1.0,0.5186498,-0.028620460132492937,-1,2020-01-07 00:00:00+05:30
2020-01-03 00:00:00+05:30,295.8,304.3,293.7,300.95,5147717,0.016208002701333823,0.047876044568245124,0.3547152824668016,0.20115745360207526,-0.014409693794007028,-0.042365841501910584,6.47120139861272,14.073013090753193,17.351865270926112,0.009406080271933199,0.018303977353790933,1.0,0.52528965,-0.04328945442835806,-1,2020-01-06 00:00:00+05:30
2020-01-06 00:00:00+05:30,301.0,301.0,285.05,288.2,4725262,-0.042365841501910584,0.005582693649685888,0.24117140396210157,0.1427438540840602,-0.06230681633317081,-0.014052741151977854,5.022607482220792,13.223392795782104,17.14089169679295,0.013629512072567664,0.019152227601099976,1.0,0.5904722,-0.01820778592218405,-1,2020-01-08 00:00:00+05:30
2020-01-08 00:00:00+05:30,282.0,286.15,279.1,283.0,2807790,-0.004047158191096134,-0.021438450899031736,0.23797025371828529,0.13723126381354223,-0.08827319587628857,-0.002473498233215521,1.8804146128327375,11.057398604502453,16.349206938564976,0.013988288073717376,0.018665176052823106,1.0,0.5160589,0.0403413136406847,1,2020-01-21 00:00:00+05:30
2020-01-16 00:00:00+05:30,282.0,288.4,281.05,287.8,3793695,0.022198543775528323,-0.010146173688735938,0.10713598768994048,0.1391252721155749,-0.07251047373509512,0.009555246699096687,-0.8691624039465751,6.753142716222442,14.177902024583318,0.014103312444662426,0.018336668787792307,1.0,0.5346368,0.03298034918064721,1,2020-01-29 00:00:00+05:30
2020-01-21 00:00:00+05:30,291.6,295.9,290.1,294.65,1876487,0.008902585173771405,0.0179651062359647,0.1467211519750924,0.14139066434243652,-0.06519670050761428,-0.006787714237230569,1.7617058928261145,7.192143633650062,14.240081271042925,0.013327468339047409,0.01683602629893275,1.0,0.5180281,-0.01556252015656381,-1,2020-01-27 00:00:00+05:30
2020-01-27 00:00:00+05:30,289.0,297.9,286.0,290.1,4281963,-0.014438593511126196,-0.00786593707250327,0.19530284301606926,0.17687626774847875,-0.10834485938220373,-0.005170630816959676,2.4170337182875983,7.135275870898397,14.11191362518133,0.013566551034925814,0.016878582547182736,1.0,0.5244312,0.06279190879717764,1,2020-02-07 00:00:00+05:30
2020-01-29 00:00:00+05:30,289.05,303.9,289.0,297.45,7779268,0.030665280665280514,0.012768130745658857,0.19818731117824773,0.24874055415617136,-0.08757668711656441,-0.007060010085728541,2.6512134539623275,7.040352614961421,13.997239898884004,0.015225604618067134,0.014866123447445088,1.0,0.55278116,-0.03489322690504961,-1,2020-02-01 00:00:00+05:30
2020-02-01 00:00:00+05:30,293.6,297.3,284.35,287.25,1783506,-0.024120944453881465,-0.0455225120451902,0.0897192716236721,0.21176966884623494,-0.14330450342976442,0.039164490861618884,1.783005755692841,6.4224270045988305,13.61108421406135,0.012497729385672576,0.01460130082507346,1.0,0.5403782,0.03841701610379179,1,2020-02-03 00:00:00+05:30
2020-02-03 00:00:00+05:30,288.0,307.0,288.0,298.5,6391361,0.039164490861618884,0.03573907009021515,0.16487804878048773,0.2750961127723195,-0.10908819579167295,-0.028140703517587906,2.579519053857723,6.72547035896946,13.725221316388286,0.014818473455072373,0.015387322367725652,1.0,0.5766433,-0.02854424170529841,-1,2020-02-04 00:00:00+05:30
2020-02-04 00:00:00+05:30,300.35,301.5,279.0,290.1,12882529,-0.028140703517587906,0.020939644553932935,0.11255992329817843,0.28051202824983457,-0.1271250188054761,0.017752499138228073,1.908943786253758,6.304274300620648,13.47718410335716,0.016290897791874648,0.015846383251596485,1.0,0.54917526,0.06279190879717764,1,2020-02-07 00:00:00+05:30
2020-02-05 00:00:00+05:30,291.5,298.35,288.1,295.25,5284304,0.017752499138228073,0.04328621908127217,0.11858306497442705,0.32073361664057254,-0.09013867488443761,0.0010160880609653145,2.1276175941238193,6.313205491090798,13.438078096237462,0.01666360219466463,0.015558757857412012,1.0,0.52743214,0.04519514484706429,1,2020-02-07 00:00:00+05:30
2020-02-07 00:00:00+05:30,295.45,311.5,294.0,308.9,4270700,0.04517002199289455,0.09889718961223748,0.1722960151802655,0.3521558327861676,-0.043801269153381894,0.0027516995791518895,4.262338009197208,7.309118936855214,13.876881619393032,0.019092068172333696,0.01642388305101226,1.0,0.59636265,-0.018789867406796272,-1,2020-02-17 00:00:00+05:30
2020-02-17 00:00:00+05:30,309.05,311.5,302.3,303.15,3201093,-0.015107212475633625,0.03800719054956336,0.15353881278538806,0.3041514304151429,-0.07519829164124481,-0.008246742536697993,5.948772099501184,9.344422434205285,15.272051654988957,0.01913571268367592,0.01585048610462172,1.0,0.52535665,0.03850362387032494,1,2020-02-20 00:00:00+05:30
2020-02-19 00:00:00+05:30,303.0,309.2,303.0,306.1,2287640,0.018127390653584152,0.04595933709208966,0.1961703790543181,0.41549132947976886,-0.049674014281279155,0.029238810846128782,4.946511350356559,8.985300819942267,15.22278705071085,0.01951357930291193,0.014765422168424266,1.0,0.5279372,-0.024304742705646525,-1,2020-02-26 00:00:00+05:30
2020-02-20 00:00:00+05:30,305.95,319.0,305.8,315.05,6990659,0.029238810846128782,0.07050628610261644,0.21829079659706108,0.4438588450962422,-0.02082362082362077,-0.0025392794794477647,6.118818231897535,9.662714752029501,15.635294304669515,0.02042013384978646,0.01486003636392296,1.0,0.5490422,-0.03619719780670019,-1,2020-02-25 00:00:00+05:30
2020-02-25 00:00:00+05:30,315.0,315.7,295.6,303.85,10227070,-0.03309466984884635,0.04739744915546362,0.0987163261616344,0.36931050022532674,-0.053131816765347284,-0.016784597663320744,5.577258274593646,9.674432277256358,15.82922340887211,0.02163292685192858,0.015396881348406678,1.0,0.56187004,-0.05740043559404529,-1,2020-02-28 00:00:00+05:30
2020-02-28 00:00:00+05:30,292.45,294.9,285.0,286.9,5345967,-0.04014720642355307,-0.028610123582190727,0.003848845346396068,0.25365960235962404,-0.0686576854406753,-0.014813523875914947,0.057461664389904854,6.548968267463806,14.344695145160529,0.022848547935130276,0.016428987686892466,1.0,0.5828354,0.057893978418902675,1,2020-03-03 00:00:00+05:30
2020-03-03 00:00:00+05:30,286.0,307.0,285.3,304.0,5949680,0.07553511409870883,0.05831157528285469,0.058495821727019504,0.33362579513051105,-0.02187902187902191,-0.0003289473684211508,-1.1368875480410452,5.041990057028897,13.399243240793055,0.02687055113937245,0.019186499453591382,1.0,0.7273465,-0.024306174109445636,-1,2020-03-11 00:00:00+05:30
2020-03-05 00:00:00+05:30,304.0,314.0,304.0,312.95,4949625,0.029779532741033288,0.07876594277835225,0.0828719723183391,0.3884205856255545,0.01311103917125278,-0.009266656015337826,1.7562797134336279,5.942719397222902,13.67436317737878,0.026476823322937302,0.019543579581147774,1.0,0.549834,-0.038933168621834706,-1,2020-03-09 00:00:00+05:30
2020-03-09 00:00:00+05:30,305.05,309.25,298.5,301.0,3585552,-0.02918884050959525,0.018440196244290163,0.039185223545658676,0.3112611631452842,-0.02336145360155739,-0.014285714285714346,2.0647142281006836,5.96550814925223,13.590191085061974,0.025553379680979354,0.019955191619506162,1.0,0.5511691,-0.09197687102399402,-1,2020-03-12 00:00:00+05:30
2020-03-12 00:00:00+05:30,294.7,294.7,267.25,274.55,7953481,-0.07465453319851689,-0.11364003228410002,-0.06248932900802462,0.17605482972799336,-0.13240638331489962,0.04898925514478236,-3.0121582865471055,2.977521331964965,11.90515731240555,0.030390729768749417,0.02212295536049935,1.0,0.72488976,-0.042029242710796805,-1,2020-03-17 00:00:00+05:30
2020-03-13 00:00:00+05:30,247.25,293.65,238.9,288.0,7126715,0.04898925514478236,-0.05836194212849444,-0.014879425346331576,0.2265758091993184,-0.0811931727548253,-0.06875000000000009,-3.88195706087879,2.0456923065519277,11.252954260522017,0.03265283923776759,0.022987605675623714,1.0,0.6072615,-0.07122750928836788,-1,2020-03-16 00:00:00+05:30
2020-03-16 00:00:00+05:30,270.0,287.65,266.35,268.2,4445377,-0.06875000000000009,-0.1276630346397788,-0.09269282814614355,0.15503875968992253,-0.1432678485864879,-0.01845637583892612,-7.251333836096023,-0.274022257844706,9.847096776973444,0.03582369860180532,0.024628769789911537,1.0,0.6933588,-0.06071784018052002,-1,2020-03-18 00:00:00+05:30
2020-03-18 00:00:00+05:30,270.0,270.0,249.25,252.4,5294940,-0.041215574548907896,-0.1799870045484081,-0.14164257779289235,0.0933506606021226,-0.17891997397527648,0.001980982567353351,-13.735204885485985,-5.419677639643112,6.515727745437573,0.03663605884572682,0.02510761030598294,1.0,0.5825801,0.0839361302825272,1,2020-03-20 00:00:00+05:30
2020-03-20 00:00:00+05:30,258.2,276.95,253.5,274.5,5172536,0.08540925266903909,-0.08697821386994842,-0.05164968042839868,0.20473996050032928,-0.13719943422913716,-0.06885245901639347,-14.133053222533363,-7.984709175382136,4.167575341009865,0.04193858192983393,0.027475820379452173,0.71428573,0.66289467,-0.07133753844620562,-1,2020-03-23 00:00:00+05:30
2020-03-23 00:00:00+05:30,254.0,269.7,250.0,255.6,2795102,-0.06885245901639347,-0.16497876510944143,-0.10519866970068259,0.12450505939287271,-0.17348423605497176,0.06025039123630682,-15.289144381873257,-9.615850401371347,2.7823918635702967,0.04347980505051084,0.028819336062362415,0.7619048,0.5648487,0.10006482808311591,1,2020-03-26 00:00:00+05:30
2020-03-24 00:00:00+05:30,257.0,274.15,254.05,271.0,3196619,0.06025039123630682,-0.13981907633708934,-0.06098406098406106,0.1883358912519184,-0.12226720647773281,0.0023985239852397644,-13.654362600212039,-9.766980248570519,2.120319102397673,0.04619185250198041,0.029912757262546545,0.8095238,0.5670018,0.16087551340834622,1,2020-04-07 00:00:00+05:30
2020-03-26 00:00:00+05:30,274.8,284.65,270.6,282.5,4741471,0.03994110068102352,-0.07026493335527406,-0.03385772913816687,0.2589126559714794,-0.10146310432569972,-0.016991150442477898,-9.313409681119992,-8.943677136483473,1.4275514405219951,0.0467432546104052,0.030357607393458833,0.9047619,0.55132616,-0.04322162649775127,-1,2020-03-31 00:00:00+05:30
2020-03-31 00:00:00+05:30,278.0,281.85,268.1,270.55,3740173,-0.018323657474600963,-0.056988497734402066,-0.08148022407061617,0.24048601558917926,-0.12287242664937581,0.029014969506560684,-6.8152243428144175,-8.495801847449172,0.25244653661843586,0.046110785289382374,0.029957331962498297,1.0,0.5401478,0.07269450701393465,1,2020-04-03 00:00:00+05:30
2020-04-03 00:00:00+05:30,278.1,295.85,277.9,290.95,6293405,0.04507902298850586,-0.04292763157894741,-0.03322811098189071,0.3097006527121313,-0.04824991822047764,0.09400240591166886,-2.7303927248914306,-6.562564833151384,0.4222288510986232,0.04446377905367799,0.03069272930754208,1.0,0.5531674,0.08984290318536839,1,2020-04-07 00:00:00+05:30
2020-04-07 00:00:00+05:30,300.0,320.0,297.3,318.3,9742331,0.09400240591166886,0.04738400789733466,0.10444136016655103,0.37080103359173133,0.05694836460235764,0.0285893810870248,3.2125663602353143,-3.220150116800369,1.8306305464213892,0.048917537846859684,0.03295543863220842,1.0,0.5944983,0.09465306508559516,1,2020-04-16 00:00:00+05:30
2020-04-09 00:00:00+05:30,334.0,342.95,330.3,333.75,6297479,0.019395235186316473,0.07643928398645383,0.17932862190812715,0.4599737532808399,0.09336609336609336,0.02037453183520599,13.378732454671137,3.8085568155734677,5.262371851152636,0.048669701681412526,0.03316880833865909,1.0,0.54055405,0.07737710105475779,1,2020-04-22 00:00:00+05:30
2020-04-16 00:00:00+05:30,340.0,353.5,339.1,349.9,9196409,0.038741279501261605,0.27444909852485866,0.2324762240225431,0.4131663974151858,0.15117618029281132,0.01529008288082312,22.53104486095117,13.02557081522508,10.722260575961968,0.04434483162158474,0.033488013908240036,1.0,0.5458002,0.011508260846555866,1,2020-04-30 00:00:00+05:30
2020-04-23 00:00:00+05:30,360.5,365.5,344.55,347.7,7383981,-0.0357737104825292,0.3748517200474495,0.19054956343091933,0.3401426093659665,0.10767760433259,0.02789761288467063,25.87838124059232,23.373785403533873,19.181502497238,0.035654060265306736,0.03389166182960504,1.0,0.5499246,0.032678485945318664,1,2020-05-08 00:00:00+05:30
2020-04-27 00:00:00+05:30,361.85,367.65,355.2,363.15,7967136,0.016088416340235057,0.420774647887324,0.24090210148641722,0.4059233449477351,0.15468998410174883,-0.030703566019551043,25.378688217365095,25.74436251521638,21.927380292154282,0.028439931385747512,0.03398718745650859,1.0,0.53694427,-0.03917114808672998,-1,2020-05-05 00:00:00+05:30
2020-05-05 00:00:00+05:30,366.9,366.9,347.0,349.2,8533655,-0.02444475485402986,0.26705370101596504,0.17397881996974274,0.40664652567975823,0.13801531693009594,0.011597938144329856,17.04781950035101,25.290827465694974,25.392634219944114,0.028882685587557126,0.0340673975943027,1.0,0.5424028,-0.034820328877581866,-1,2020-05-13 00:00:00+05:30
2020-05-12 00:00:00+05:30,354.0,356.8,337.65,343.45,7690803,-0.023179749715586007,0.04902260232131961,0.18390210272319885,0.31716203259827425,0.23144496235209755,-0.01805211821225794,10.140582289963561,22.251921613090474,26.678949264209677,0.02096706652164498,0.033524620901276114,1.0,0.5408754,-0.04450470273522536,-1,2020-05-15 00:00:00+05:30
2020-05-15 00:00:00+05:30,325.0,338.65,320.7,328.5,26971956,-0.0198418618529016,-0.02478848151996449,0.06345095500161868,0.24667931688804545,0.19259393719368312,0.009893455098934467,2.185005345944546,16.816781364364374,24.909250738431183,0.0191309522024835,0.033706627221703304,1.0,0.5384251,0.07715832704632676,1,2020-05-21 00:00:00+05:30
2020-05-20 00:00:00+05:30,335.95,349.75,334.0,346.85,7499821,0.03045157456922154,-0.03100991758625493,0.12815091884859342,0.3482993197278912,0.28725180924104676,0.023064725385613327,1.3427550023316712,14.10051596571958,23.873380441476456,0.02057154937423302,0.033880969520605764,1.0,0.54056007,0.10564878317207378,1,2020-06-01 00:00:00+05:30
2020-05-26 00:00:00+05:30,352.5,361.0,351.2,358.3,8874192,0.022837567799029346,0.03048605119355763,0.18192314035955803,0.36339421613394207,0.3505465510742556,-0.02079263187273228,5.505562449658214,14.964517462675758,24.561284630543014,0.019368574442323316,0.033880901489805736,1.0,0.5363129,-0.036522709376104245,-1,2020-05-28 00:00:00+05:30
2020-05-28 00:00:00+05:30,354.8,354.8,342.55,345.45,6473586,-0.0153911928174435,-0.048740190004130546,0.12855276053577258,0.34994138335287217,0.3268676781255999,0.026776668114054214,4.560559855102895,14.064096052528441,24.28602389599928,0.018616945318747448,0.03377329762062762,1.0,0.5358515,0.10969327806858031,1,2020-06-01 00:00:00+05:30
2020-05-29 00:00:00+05:30,346.15,359.15,345.0,354.7,46798867,0.026776668114054214,0.007670454545454453,0.12585303920012691,0.3716163959783447,0.35640535372848947,0.08683394417817869,5.152185820678824,14.135303156784857,24.38604414830013,0.019612194875713612,0.03381558855917986,1.0,0.5380853,0.08326883122380799,1,2020-06-01 00:00:00+05:30
2020-06-01 00:00:00+05:30,360.0,389.9,357.45,385.5,20555189,0.08683394417817869,0.09470396138009374,0.22673031026252977,0.4582939285038774,0.48612181958365475,-0.007263294422827471,9.864377097012266,16.49407842193932,25.67920736805428,0.027529347792339245,0.03548471306653151,1.0,0.60452735,0.005303679724136223,1,2020-06-15 00:00:00+05:30
2020-06-08 00:00:00+05:30,393.0,393.9,378.35,381.25,5661410,-0.021432238193018538,0.09006433166547545,0.34884132319122596,0.33444172208610445,0.4091665126593975,0.001049180327868715,17.147245889156125,22.87538835616192,30.37524360856736,0.02750982374286243,0.03391449113960286,1.0,0.53945637,0.016389544805898985,1,2020-06-22 00:00:00+05:30
2020-06-17 00:00:00+05:30,384.9,399.8,383.0,396.1,5810761,0.028564009348221342,0.1939713639788998,0.44272445820433437,0.3525695748676796,0.4981089258698943,-0.005680383741479389,14.172983476966806,23.93524526726344,33.498307218001116,0.025724709812707247,0.029936456287342112,1.0,0.5380974,-0.03821137670624961,-1,2020-06-19 00:00:00+05:30
2020-06-19 00:00:00+05:30,393.85,397.25,380.1,381.25,6460477,-0.03199187507934498,0.09917831915813746,0.4215137956748696,0.2897496617050066,0.4196611431763173,0.016524590163934372,11.886945605851167,23.07018573724281,33.72905194523014,0.026457660081690777,0.02974628622864751,1.0,0.5464114,0.05870184872510383,1,2020-06-25 00:00:00+05:30
2020-06-23 00:00:00+05:30,391.0,398.7,388.0,396.5,5777685,0.023093794349116292,0.13188695403939477,0.570919175911252,0.34841013433089607,0.5428015564202335,-0.01664564943253477,11.506953812105507,22.801694011264033,34.14028734648599,0.026302701194053785,0.02624250854191995,1.0,0.53513485,0.009288381074730312,1,2020-07-07 00:00:00+05:30
2020-06-25 00:00:00+05:30,389.0,406.4,388.45,404.3,6439906,0.036932546806873745,0.15234430668376797,0.47285974499089267,0.39678700984626025,0.6481858948226662,-0.006183527083848617,11.97930681168151,22.960106788934468,34.723292551174154,0.026504828941920515,0.025794853715665256,1.0,0.543784,-0.03575406013411428,-1,2020-06-30 00:00:00+05:30
2020-06-30 00:00:00+05:30,400.0,401.2,388.35,390.1,3211018,-0.01923318667504703,0.01193255512321656,0.4360390207988223,0.3470303867403315,0.5406793048973146,-0.004229684696231861,10.091495554885398,22.038500580006826,34.99938281453274,0.019020415558901424,0.025542179862801155,1.0,0.53700495,0.06018723257074523,1,2020-07-10 00:00:00+05:30
2020-07-06 00:00:00+05:30,399.05,406.35,392.65,401.85,4992143,0.015798786653185015,0.03144250513347013,0.4853077065237479,0.3642845017823799,0.5899109792284867,-0.004106009705113878,8.070130644346307,20.039379852320735,34.54229789911193,0.017419077670332843,0.021827171800237036,1.0,0.53162277,0.08522636644904402,1,2020-07-14 00:00:00+05:30
2020-07-10 00:00:00+05:30,400.5,420.5,400.5,414.3,9984659,0.020569035595516816,0.07068096653314382,0.2654245571166769,0.45803272919232807,0.6291781360597719,0.0013275404296404503,10.202054309113748,20.511345806530073,35.17890734859742,0.01720553376392717,0.021453526563821736,1.0,0.5329721,0.05471490202441545,1,2020-07-14 00:00:00+05:30
2020-07-14 00:00:00+05:30,419.8,441.25,417.0,437.6,26086415,0.05483909846932633,0.1291446264998064,0.28498017912200857,0.5501239815798795,0.7577826872866038,-0.029250457038391242,14.80018650835325,23.069802221420446,36.767149477077,0.020473892939132897,0.021945080191205255,1.0,0.5639544,-0.02968678118004239,-1,2020-07-15 00:00:00+05:30
2020-07-15 00:00:00+05:30,441.0,441.0,422.45,424.8,6557756,-0.029250457038391242,0.10309010646585293,0.26109544307555277,0.511205976520811,0.7692628071636818,0.003884180790960423,15.356125771184452,23.723125494079625,37.324165582592514,0.02127637799378027,0.022346466429174386,1.0,0.5446682,-0.06115442315333057,-1,2020-07-27 00:00:00+05:30
2020-07-24 00:00:00+05:30,428.0,435.6,413.55,415.15,10177556,-0.035207994422496,0.026836507543902988,0.16158365976496913,0.4089597827931444,0.6081735425140422,-0.037456341081536726,12.016040418560806,24.135966518479563,39.382606522257845,0.019006750495886814,0.021680671222054984,1.0,0.55047446,-0.03817585393364109,-1,2020-07-27 00:00:00+05:30
2020-07-27 00:00:00+05:30,413.5,416.5,397.45,399.6,5594057,-0.037456341081536726,-0.005475360876057711,0.10037174721189612,0.3654536135315225,0.5199695701787754,-0.0015015015015015232,7.6287265754272084,21.735757439490953,38.334819581036015,0.02080821833732838,0.022297254900616605,1.0,0.5524673,0.03165093953234215,1,2020-08-10 00:00:00+05:30
2020-07-31 00:00:00+05:30,408.0,412.8,400.8,409.6,7274624,0.015243524600322411,0.04503125398647789,0.14429389579550222,0.41926541926541927,0.6929117586278157,0.005615234374999778,0.42464165075705296,15.277890777940627,34.88168472913759,0.020864848055354147,0.02211676124074322,1.0,0.53046757,-0.025092472797247214,-1,2020-08-07 00:00:00+05:30
2020-08-07 00:00:00+05:30,409.0,411.85,396.05,399.45,5634992,-0.019634310958399848,-0.016011824116270446,0.13609215017064846,0.3381909547738693,0.7063220845792397,0.03254474902991622,-0.927142853395253,11.39710982123296,31.95715667016981,0.020654646496444082,0.0215068911046756,1.0,0.5357664,-0.020741859073687873,-1,2020-08-17 00:00:00+05:30
2020-08-10 00:00:00+05:30,402.2,414.5,400.7,412.45,7028465,0.03254474902991622,-0.004465363263335798,0.20090260591061293,0.4217511203033435,0.8205694107261088,-0.011880227906412855,-0.1027119640260139,11.188630468920508,31.580955175721556,0.022023431075133618,0.021620605460540437,1.0,0.5409239,-0.039186770221044984,-1,2020-08-12 00:00:00+05:30
2020-08-12 00:00:00+05:30,407.55,407.8,392.1,396.6,5536772,-0.026867868973132092,-0.09369287020109685,0.1833507384753097,0.34190492302486897,0.7150270270270271,-0.00844679778113977,-1.8367182216726405,9.176454287391493,29.987826860063024,0.01777181553178632,0.022006824137336494,1.0,0.541421,-0.02347046511280022,-1,2020-08-25 00:00:00+05:30
2020-08-25 00:00:00+05:30,394.0,394.6,385.5,387.4,3293330,-0.012238653748087747,-0.030530530530530675,0.12143580836589951,0.26559947729500144,0.7914450867052023,0.012777490965410587,-6.178277776865343,0.74511186213158,21.626106172634024,0.013896737725018217,0.017689375564511764,1.0,0.5267201,-0.029469750966664907,-1,2020-08-31 00:00:00+05:30
2020-08-31 00:00:00+05:30,393.8,397.9,372.25,376.15,7035041,-0.03933086451283374,-0.08166503906250011,-0.016601307189542558,0.2590794979079498,0.6781173321436536,0.07762860560946439,-7.307968869924082,-1.984031102595452,18.10181176670045,0.015099372510709965,0.017836836769184933,1.0,0.5593021,0.07476289142748566,1,2020-09-01 00:00:00+05:30
2020-09-01 00:00:00+05:30,382.45,408.0,379.0,405.35,17386465,0.07762860560946439,-0.015901917941247734,0.02972183411660123,0.3561391769822686,0.826312232484794,0.014555322560749984,-4.387784856966391,-0.9893984621384107,18.05270454194573,0.02374838080549054,0.020464452124105647,1.0,0.64671683,0.04816146798817723,1,2020-09-03 00:00:00+05:30
2020-09-03 00:00:00+05:30,412.0,426.5,410.55,425.35,10173157,0.03428571428571425,0.042013718765311125,0.11567213114754105,0.5048646736246243,0.9259678514829071,-0.010344422240507911,2.800211168665953,2.4923840510800233,18.916683680974415,0.02493071549658142,0.020773124712106805,1.0,0.54275423,0.03884990900145243,1,2020-09-17 00:00:00+05:30
2020-09-08 00:00:00+05:30,421.25,424.55,413.9,415.8,2994233,-0.01469194312796207,0.008122196629894551,0.07455743636128709,0.32864674868189825,0.84472049689441,0.02910052910052907,7.057086926951911,5.939391785366695,19.897018194464124,0.023664135790147464,0.020881184327180183,1.0,0.5286064,0.0566839813959082,1,2020-09-15 00:00:00+05:30
2020-09-09 00:00:00+05:30,410.0,432.0,409.7,427.9,9364809,0.02910052910052907,0.04993252361673406,0.11200623700623691,0.3800999838735686,0.8499783830523129,0.006426735218509005,8.813209973330686,7.367116549840603,20.463320994532182,0.023471015036451815,0.020893085871896762,1.0,0.54023266,0.05920767461857692,1,2020-09-18 00:00:00+05:30
2020-09-15 00:00:00+05:30,430.0,445.0,429.0,440.05,6044433,0.023372093023255935,0.12472843450479232,0.11730354195759807,0.5279513888888889,0.8741482112436116,-0.003181456652653236,13.16084641694897,12.319067455400955,22.89197934833345,0.02356052944046491,0.020366563050034325,1.0,0.5338228,-0.02461591970132696,-1,2020-09-21 00:00:00+05:30
2020-09-18 00:00:00+05:30,442.75,463.9,442.75,454.0,11410425,0.0266847580280416,0.1518457440060892,0.14501891551071888,0.7987321711568938,0.9666450075806801,-0.054295154185021954,16.27986259818107,16.196667028282207,25.2687704640544,0.023897064496076762,0.019961159417628938,1.0,0.5372356,-0.055824760922854155,-1,2020-09-21 00:00:00+05:30
2020-09-21 00:00:00+05:30,453.95,453.95,425.35,429.35,4258326,-0.054295154185021954,0.0895825402867656,0.10117978968966423,0.6977066034005537,0.8827011620258716,-0.017002445557237733,13.841564842707271,15.711163161945876,25.236987758250848,0.02751506282098871,0.02120101976291201,1.0,0.59094447,-0.05039270526791925,-1,2020-09-24 00:00:00+05:30
2020-09-24 00:00:00+05:30,421.6,423.4,406.1,408.25,2881986,-0.03691908468978522,0.040525041417102114,0.026398491514770583,0.5064575645756457,0.7901775926331944,0.048377219840783914,4.835052253432707,11.891075255012652,23.68707687071185,0.029099002571705175,0.021709239731850117,1.0,0.5549529,0.09825634497490615,1,2020-09-28 00:00:00+05:30
2020-09-25 00:00:00+05:30,414.65,430.55,410.5,428.0,4535634,0.048377219840783914,0.09365018525616442,0.09715457574980757,0.575556782624701,0.9005328596802842,0.0523364485981308,4.780964899398896,11.693990888704036,23.60483158529229,0.030841742508001882,0.02253559005944267,1.0,0.5718742,0.051012881243683805,1,2020-09-28 00:00:00+05:30
2020-09-28 00:00:00+05:30,430.0,452.2,428.1,450.4,7268448,0.0523364485981308,0.1503000893883284,0.1594799845539967,0.5943362831858405,1.0071301247771833,0.011323268206039128,7.843045238967591,13.192045580417869,24.395387132964345,0.030732473457634284,0.0234037985615217,1.0,0.5696851,0.0024392960315594912,1,2020-10-13 00:00:00+05:30
2020-10-08 00:00:00+05:30,453.0,473.75,451.15,469.15,4296616,0.0375981422094438,0.12830687830687815,0.1323919864832246,0.4329566279780086,1.0300735612289054,-0.036768624107428316,15.339286050294334,19.787295370299887,29.070767105446066,0.026097018335656506,0.02263253262469834,1.0,0.5518032,-0.03746163031882466,-1,2020-10-09 00:00:00+05:30
2020-10-09 00:00:00+05:30,473.5,478.0,449.5,451.9,8233144,-0.036768624107428316,0.056087870997896694,0.0893093889357599,0.3540074906367041,0.9768153980752405,0.023788448771852266,13.854042074999938,19.51473845403774,29.216742894396646,0.027704985680448824,0.023174336793759246,1.0,0.55486846,-0.04168446710258455,-1,2020-10-15 00:00:00+05:30
2020-10-14 00:00:00+05:30,452.0,453.45,444.65,446.7,3073379,-0.010631229235880446,0.03883720930232548,0.04748505100246225,0.2766504715633038,0.804119547657512,-0.02966196552496081,10.290957536083738,18.578495482118058,29.519951360704795,0.028416127675689525,0.02355623937454775,1.0,0.52629405,-0.030110779043423578,-1,2020-10-15 00:00:00+05:30
2020-10-15 00:00:00+05:30,448.05,451.0,431.4,433.45,3403035,-0.02966196552496081,-0.01499829564822186,0.00428637627432793,0.2201266713581984,0.7108742845865403,0.03333717845195516,6.717877439805591,16.701540453458733,28.744495452089268,0.02923293951555216,0.023853196784955982,1.0,0.54398996,-0.038210726188032035,-1,2020-10-23 00:00:00+05:30
2020-10-16 00:00:00+05:30,435.0,449.5,434.05,447.9,4502795,0.03333717845195516,0.02108742733386526,0.046495327102803685,0.25129207989942737,0.7207068766807527,-0.022326412145568186,6.096822305316664,16.143005691131407,28.572956672745022,0.03014033615700125,0.024228488173462875,1.0,0.5456005,-0.041599069454022364,-1,2020-10-22 00:00:00+05:30
2020-10-22 00:00:00+05:30,441.25,441.8,427.35,429.65,3242065,-0.022634212920837227,0.018007345101291206,0.03492713477056486,0.20215444879686628,0.672115197509243,-0.02897707436285346,-0.17483228275619922,11.179829913278638,26.069832497793584,0.027456768772860605,0.023595509301516243,1.0,0.53555995,-0.029405200632614623,-1,2020-10-23 00:00:00+05:30
2020-10-23 00:00:00+05:30,420.05,430.5,415.7,417.2,7474787,-0.02897707436285346,-0.01580561453172913,0.04404404404404394,0.14883656891091834,0.6151761517615175,-0.03511505273250237,-3.466484548463143,8.780927609612661,24.713306162891968,0.026931450380912558,0.023804924788231492,1.0,0.5429481,-0.035746410380627605,-1,2020-10-26 00:00:00+05:30
2020-10-26 00:00:00+05:30,419.0,419.75,389.75,402.55,9674843,-0.03511505273250237,-0.013962033067973056,0.008897243107769404,0.1436079545454545,0.642725974290961,0.027450006210408606,-7.843773777729723,5.5829086005814474,22.848569117925706,0.025714128038522178,0.02417321764722084,1.0,0.5515979,0.032865947515273435,1,2020-11-09 00:00:00+05:30
2020-10-27 00:00:00+05:30,401.25,415.0,401.25,413.6,6337477,0.027450006210408606,-0.03364485981308407,0.04497220818595249,0.17449950305267659,0.7115663149182703,-0.01728723404255328,-9.264966981289717,3.6984727833314537,21.546274561881546,0.02340687934543525,0.024422321871230102,1.0,0.5384129,-0.025466606437060633,-1,2020-10-29 00:00:00+05:30
2020-10-29 00:00:00+05:30,402.55,408.85,399.0,403.2,2353631,-0.007996063476442328,-0.11481888035126242,-0.01562500000000011,0.12641430367369755,0.6517820565342072,0.0009920634920634885,-12.735830874124872,-0.5503340771232388,18.490162163136006,0.023143201112333856,0.024479741200011108,1.0,0.52495486,0.04722999081558546,1,2020-11-12 00:00:00+05:30
2020-11-05 00:00:00+05:30,413.0,415.0,406.4,413.3,3442421,0.006820950060901332,-0.08592281322569939,0.03467267492802617,0.17548350398179746,0.6128780487804879,0.0036293249455601195,-11.04050660955778,-5.382729416435154,12.989871955860167,0.020836294227822794,0.023708691943718063,1.0,0.52377355,0.04760272779696262,1,2020-11-13 00:00:00+05:30
2020-11-10 00:00:00+05:30,417.55,417.8,398.05,406.15,6221362,-0.02367788461538467,-0.12212255484707668,0.024079677256681586,0.21184544233925107,0.5326415094339623,0.028930198202634427,-8.603449468138479,-5.967271586517711,10.890918412415829,0.01857568138512644,0.023851449551612083,1.0,0.53649503,0.06505389981768664,1,2020-11-13 00:00:00+05:30
2020-11-11 00:00:00+05:30,410.0,420.5,406.25,417.9,4289470,0.028930198202634427,-0.07441860465116279,0.06268277177368087,0.2721461187214611,0.5859582542694497,0.011486001435750293,-6.990510590809208,-5.58700642156748,10.50535018378929,0.020008417706438807,0.024102489974384928,1.0,0.54024476,0.005369620920357608,1,2020-11-25 00:00:00+05:30
2020-11-13 00:00:00+05:30,423.9,435.4,423.35,433.45,4922210,0.02543174828483563,0.0,0.10785942492012768,0.28773024361259636,0.7018060463290146,0.0020763640558312257,-2.0078513009723338,-3.4130391951982233,10.58453735161254,0.018563064935259138,0.024317224464220105,1.0,0.5360822,-0.024404270268371372,-1,2020-11-18 00:00:00+05:30
2020-11-18 00:00:00+05:30,429.8,429.8,419.7,423.0,3057647,-0.012028494686441626,-0.038199181446111896,0.07319548395280995,0.20753639737367968,0.636047186230903,-0.0005910165484633856,0.8986920306702473,-1.284539536750117,10.575329132644754,0.018301110500030096,0.024389054520103978,1.0,0.5267323,0.02544191375802692,1,2020-12-03 00:00:00+05:30
2020-11-24 00:00:00+05:30,422.35,436.0,418.1,433.55,6936794,0.03164782867340876,0.07700906719662148,0.10500828342041535,0.22230053566394137,0.6765274555297756,-0.030907623111521287,1.4493971863940942,-0.3494181104269387,9.87684926481154,0.014532731748663572,0.024071632523536772,1.0,0.5437719,-0.031395339448942364,-1,2020-11-25 00:00:00+05:30
2020-11-25 00:00:00+05:30,440.0,444.0,418.65,420.15,6156478,-0.030907623111521287,0.01583655705996123,0.07359141433499405,0.08988326848249018,0.5893701532059767,0.01332857312864455,0.6934340076887224,-0.5500533104680017,9.533026896395313,0.015772924502535864,0.022359038866314202,1.0,0.545782,0.052167599682830815,1,2020-12-04 00:00:00+05:30
2020-11-27 00:00:00+05:30,426.1,435.1,422.3,429.35,14778896,0.008455666470933654,0.06485615079365092,0.1414329389871063,0.1224836601307191,0.5131277533039649,0.00919995341795743,1.6059771150980282,0.2136650291439537,9.464926281620023,0.015840322763411404,0.021936307140074426,1.0,0.52401716,0.04830759087965038,1,2020-12-07 00:00:00+05:30
2020-12-04 00:00:00+05:30,435.05,444.0,431.45,442.65,6358494,0.02016593685180923,0.07831912302070632,0.051550065328423766,0.15983230708764573,0.5412604456824512,0.017960013554727317,5.150342605459457,3.074595748723709,10.326621648217326,0.016473888157355704,0.021705020652485817,1.0,0.53090537,0.04040170966940449,1,2020-12-17 00:00:00+05:30
2020-12-10 00:00:00+05:30,452.45,457.5,446.85,453.95,2511207,0.006652622241933637,0.11769050843284501,0.05410426100081267,0.17133273126048243,0.5672363196961852,0.003414472959577086,10.325314770488603,7.941903426778936,12.887295241012225,0.01500808162961799,0.021698409650451563,1.0,0.52328634,0.03888598795318718,1,2020-12-18 00:00:00+05:30
2020-12-18 00:00:00+05:30,461.4,473.15,460.2,471.95,4375062,0.023974831850726908,0.11572104018912532,0.03953744493392075,0.1902900378310215,0.6049991498044549,-0.046509164106367185,13.835306259598383,13.624506734511613,16.972819774837433,0.013757369436897492,0.02027183279375327,1.0,0.5343817,-0.04762546500658796,-1,2020-12-21 00:00:00+05:30
2020-12-21 00:00:00+05:30,470.0,473.4,439.6,450.0,3273294,-0.046509164106367185,0.06445890005913668,0.0480959590078025,0.15414208771479876,0.524390243902439,0.026999999999999913,11.591291693785138,13.099124779812769,16.997367415099177,0.01789328458384402,0.020618674492542413,1.0,0.5746574,0.07201053597627216,1,2020-12-23 00:00:00+05:30
2020-12-22 00:00:00+05:30,447.35,464.15,437.0,462.15,2403391,0.026999999999999913,0.10048815335158956,0.09501243928444492,0.14308681672025725,0.5966488167213682,0.04641350210970474,11.507507196580377,13.525066223772,17.484559958338878,0.01861960000481728,0.01997542658242191,1.0,0.5378061,0.04536860502985108,1,2020-12-23 00:00:00+05:30
2020-12-23 00:00:00+05:30,462.2,487.75,459.1,483.6,4958976,0.04641350210970474,0.15074360499702566,0.14083510261854215,0.2035838725734196,0.6929809207071593,-0.00341191066997526,14.293643495085746,15.468629792915067,18.768672360715584,0.019977945361728353,0.019732987706560633,1.0,0.56887096,-0.037501761290397055,-1,2020-12-28 00:00:00+05:30
2020-12-28 00:00:00+05:30,468.9,477.5,463.0,465.8,8802460,-0.033509700176366786,0.10865167202189707,0.08831775700934585,0.1940528069725711,0.6084254143646408,-0.011378273937312167,14.297562274831137,16.81246073164135,20.19469001238474,0.02024249761856905,0.02006631508998152,1.0,0.5501965,-0.023898595573859625,-1,2021-01-07 00:00:00+05:30
2021-01-07 00:00:00+05:30,461.5,464.1,453.85,454.8,3183329,-0.010766721044045635,0.020990010102143852,-0.03058723222849824,0.09775524981897177,0.6005630828787614,0.02385664028144241,4.878796484624559,13.0497250240075,20.433368648238286,0.020134353882987902,0.018511677382698433,1.0,0.52575845,-0.028661008369424094,-1,2021-01-21 00:00:00+05:30
2021-01-08 00:00:00+05:30,466.15,467.95,461.25,465.65,5550289,0.02385664028144241,0.03259784898547502,0.030427085638415674,0.12245389899963821,0.6454063604240281,0.012026199935573967,4.968319898165078,12.876561279993837,20.48462315565206,0.02076341357984834,0.018701277867395706,1.0,0.5343088,-0.036634133179780384,-1,2021-01-18 00:00:00+05:30
2021-01-13 00:00:00+05:30,472.0,472.2,460.55,462.8,3430890,-0.018971913089560144,0.01938325991189438,0.03604208641146189,0.08523859772540754,0.6301514617823178,0.007886776145203056,5.251105961375401,12.648598648618986,20.768341255653922,0.02138438198220296,0.017767686038159366,1.0,0.53186595,-0.0304948495316352,-1,2021-01-18 00:00:00+05:30
2021-01-15 00:00:00+05:30,466.5,466.6,455.0,457.05,2795557,-0.02015221352770924,-0.0064130434782608825,0.02042866711319502,0.06787383177570105,0.6233351092168353,-0.01783174707362445,3.315506573856453,11.314644915884173,20.275980588299433,0.021845322202228974,0.01799505202244999,1.0,0.5329721,-0.0335960405928708,-1,2021-01-21 00:00:00+05:30
2021-01-21 00:00:00+05:30,455.0,455.0,440.15,441.95,3617650,-0.01745220097821254,-0.04370875256951201,0.02862795298498777,0.06455498012766481,0.49991515357203475,-0.10906211109854058,-3.5795211585070206,5.82418452431574,17.289716856395955,0.014019427384112847,0.016666313066878248,1.0,0.530346,-0.11548056336711417,-1,2021-01-22 00:00:00+05:30
2021-01-22 00:00:00+05:30,422.4,423.0,376.3,393.75,28411474,-0.10906211109854058,-0.18579404466501248,-0.05620805369127513,-0.014639639639639657,0.3454638646847772,-0.028063492063492124,-11.768395381352661,0.7225215961981348,14.470023140435899,0.027270195960565777,0.021812578002364236,1.0,0.76882,-0.04201317989040826,-1,2021-01-27 00:00:00+05:30
2021-01-25 00:00:00+05:30,393.1,394.3,377.65,382.7,13627688,-0.028063492063492124,-0.20593422554206864,-0.049310644640417345,-0.040852130325814584,0.30037376826367645,-0.013457015939378092,-18.990329462920386,-4.447661417856807,11.415890654942473,0.02704600486133154,0.022084929858809197,1.0,0.54146945,-0.028895317144312885,-1,2021-01-29 00:00:00+05:30
2021-01-29 00:00:00+05:30,385.0,386.0,369.0,371.8,6608798,-0.021836358852933446,-0.18944844124700233,-0.07787698412698407,-0.09228515625,0.28828828828828823,0.019903173749327596,-30.697680731567516,-16.75235849836912,2.8699197467187787,0.026833417209472913,0.02230783464579425,1.0,0.5342359,0.0761039808004367,1,2021-02-03 00:00:00+05:30
2021-02-02 00:00:00+05:30,384.0,394.0,379.1,391.5,4891113,0.032436708860759556,-0.1594202898550725,-0.031300259804528,-0.053890768487191876,0.3255459624174708,0.02477650063856962,-29.289691447862708,-20.41469272693496,-1.0584780976027446,0.02907168056919829,0.02283079909124151,1.0,0.5452615,0.06405947921224248,1,2021-02-16 00:00:00+05:30
2021-02-04 00:00:00+05:30,402.0,410.9,399.75,409.9,5668584,0.021684945164506475,-0.12348978937239385,-0.001461632155907444,0.006013007731009878,0.4269799825935596,-0.006586972432300553,-21.960173969329503,-19.835808100898817,-2.8339227242861966,0.030520549317882225,0.023230786912232734,1.0,0.5325467,0.02457955066504466,1,2021-02-18 00:00:00+05:30
2021-02-16 00:00:00+05:30,407.95,418.6,406.25,417.4,5407782,0.02316460350533145,-0.086751996499289,-0.03902382870956611,0.057110295048752535,0.3576191250609855,0.0031145184475322996,-6.667061147583354,-14.934539935564828,-6.619984799429119,0.029806242739398317,0.02259421203424383,1.0,0.53392,-0.032630116681950226,-1,2021-02-19 00:00:00+05:30
2021-02-19 00:00:00+05:30,419.8,419.8,401.6,404.0,4834156,-0.038324208521780534,-0.10182303245887059,-0.044352454169130695,0.025250602715391368,0.3326735939303975,-0.015717821782178287,-4.018881319515799,-12.548677087742533,-6.862581291603988,0.030688987063088476,0.022741401219612087,1.0,0.55753213,-0.047262865737147775,-1,2021-02-23 00:00:00+05:30
2021-02-23 00:00:00+05:30,398.25,400.75,384.1,385.35,9103379,-0.03093172387778187,-0.021333333333333315,-0.08304580606781675,-0.005291688177594067,0.2589023195034301,0.010769430387958856,-8.351534472569199,-14.414415612227174,-8.689024017753582,0.018823950921267325,0.022742773260954526,1.0,0.5454915,0.009427331394443952,1,2021-03-09 00:00:00+05:30
2021-02-25 00:00:00+05:30,391.7,400.7,390.55,397.8,4350060,0.021309370988446652,0.05363528009535168,-0.053195287397358015,0.01648141050210805,0.2658711217183771,-0.019105077928607384,-9.132389553666826,-15.070500881036594,-9.99552526794298,0.019140449251827684,0.022910137106209316,1.0,0.5322306,0.006015055729761189,1,2021-03-12 00:00:00+05:30
2021-03-03 00:00:00+05:30,399.0,403.8,396.6,402.7,2975783,0.011809045226130577,0.028607918263090726,-0.0641412967696956,-0.020790273556230976,0.4036249564308123,-0.007325552520486722,-6.876197230485332,-14.299062063768645,-11.437373146925665,0.01666215963915097,0.02284090653903453,1.0,0.52535665,-0.023492067082156915,-1,2021-03-08 00:00:00+05:30
2021-03-08 00:00:00+05:30,396.0,396.95,391.3,393.35,1923276,-0.003167764825139363,-0.03401277013752446,-0.12705281846426986,-0.06789099526066344,0.29434024350115195,-0.01105885343841373,-6.375588786599451,-13.747735849772312,-12.254108963039585,0.016070316322415356,0.02276170571684906,1.0,0.5228722,0.01863799071441067,1,2021-03-23 00:00:00+05:30
2021-03-10 00:00:00+05:30,392.0,404.45,388.7,402.55,7942179,0.03483290488431878,-0.005558300395256954,-0.10732897216986359,-0.05924281374152829,0.29833897758426065,-0.005837784126195511,-5.359051724488893,-13.097439049845434,-12.597885098641484,0.017961068795117236,0.023278653093936,1.0,0.54912084,-0.027323072074204133,-1,2021-03-16 00:00:00+05:30
2021-03-16 00:00:00+05:30,396.0,396.0,389.3,391.7,2743146,-0.010233733417561619,-0.04006861904178416,-0.1372246696035243,-0.08906976744186046,0.42669823347295566,-0.008935409752361512,-4.759023660119112,-12.224045444647004,-12.951849282655473,0.01819853071700412,0.023266865985849743,1.0,0.52525926,0.04187326711609266,1,2021-03-30 00:00:00+05:30
2021-03-22 00:00:00+05:30,395.6,403.4,394.05,402.25,3713607,0.016552944149608395,-0.0424898833611046,-0.1476851361373026,-0.11398678414096919,0.5937004754358162,-0.003729024238657508,-3.307710935405055,-11.031851852587465,-13.28505760952487,0.01618872471228356,0.021326816556606388,1.0,0.52814406,0.0292751630889911,1,2021-04-07 00:00:00+05:30
2021-03-30 00:00:00+05:30,400.9,409.5,399.05,408.45,4193149,0.03339658444022775,0.02677224736048256,-0.12312151137827398,-0.045677570093457964,0.5035891772501382,0.0011017260374586169,0.2157820505265704,-7.610055712437145,-12.088010498859205,0.014534834991754422,0.021346780938706768,1.0,0.54710114,-0.009470583054233149,-1,2021-04-15 00:00:00+05:30
2021-04-06 00:00:00+05:30,406.6,415.55,405.1,414.25,2107437,0.019190552343461675,0.02868140054631252,-0.11057434245840048,-0.08483375676571303,0.5311402698207355,-0.00012070006035003189,3.945218653096049,-3.654703205749513,-9.919761750799239,0.014723643109530652,0.021458187547281314,1.0,0.5301392,-0.024312479659947116,-1,2021-04-12 00:00:00+05:30
2021-04-12 00:00:00+05:30,418.7,420.5,401.0,404.3,3599430,-0.03806804663335717,0.03933161953727504,-0.11103781882146002,-0.13822871149952032,0.23488087965791093,0.006554538708879454,4.629105270226489,-0.8817956737506165,-7.8240362763582425,0.015255178718589153,0.021742515332808417,1.0,0.5578092,-0.02200638943901667,-1,2021-04-26 00:00:00+05:30
2021-04-16 00:00:00+05:30,403.0,418.55,399.35,412.85,5669099,0.020390509144834423,0.04320909665192674,-0.12485426603073657,-0.08560354374307855,0.22561971203799902,-0.015744217027976237,3.227519857975949,-0.47680258548120946,-7.050752710643565,0.0153942830559613,0.0216887016648902,1.0,0.53120935,-0.02874890866377271,-1,2021-04-20 00:00:00+05:30
2021-04-20 00:00:00+05:30,409.95,409.95,397.8,401.15,4436026,-0.012796850006152494,0.033359093250901584,-0.13999356844249122,-0.07451839889260592,0.12920478536242075,-0.0044870995886824305,1.2664503744296667,-0.9867768678719244,-6.947949348029624,0.01610048453320866,0.02169032993679926,1.0,0.5265254,-0.026011567533325425,-1,2021-04-28 00:00:00+05:30
2021-04-28 00:00:00+05:30,398.0,399.8,387.5,390.85,11363709,-0.01821150464707355,-0.027978114896791806,-0.11562393935965598,-0.09030606307459554,0.09359261331841084,0.007803505181015691,-3.6984028207035635,-3.818154119568078,-7.918683288779675,0.015801771760538236,0.016033241969070123,1.0,0.5306257,-0.02907407900709679,-1,2021-04-30 00:00:00+05:30
2021-04-30 00:00:00+05:30,391.8,391.8,378.2,379.65,9710688,-0.03617669459253614,-0.03946869070208736,-0.007969689051476436,-0.056887343187181805,0.0785511363636362,-0.0030291057553009093,-6.32218126383583,-5.694288692244413,-8.876336128497826,0.01572319750694196,0.016483061852871492,1.0,0.5544584,0.016069324812386137,1,2021-05-17 00:00:00+05:30
2021-05-04 00:00:00+05:30,381.0,382.15,372.5,373.2,3492859,-0.014002642007926003,-0.08730741012472487,-0.01815311760063154,-0.08180588018206425,0.0543862127419128,0.021704180064308742,-9.76361968718254,-8.43381960646002,-10.468778015830594,0.01573430428999205,0.01582394585485178,1.0,0.52714616,0.03798840169177927,1,2021-05-11 00:00:00+05:30
2021-05-05 00:00:00+05:30,375.0,382.6,370.15,381.3,6252361,0.021704180064308742,-0.07124588966021195,0.025551371705217818,-0.054315476190476164,0.06523257438189689,-0.004196170993968074,-9.720456725123313,-9.005098285526856,-10.929631615724475,0.016731560804230664,0.01574496711068533,1.0,0.5326196,0.005883523541787223,1,2021-05-20 00:00:00+05:30
2021-05-11 00:00:00+05:30,383.55,391.65,382.35,387.65,4098740,0.008192457737321135,-0.06194797338173019,-0.0542815320809954,-0.05566382460414132,0.07905358385525396,-0.0056752224945182395,-7.234840529179053,-9.53429951207653,-11.985032440716736,0.01574601532682604,0.015499613941014699,1.0,0.5232742,-0.011937341702138003,-1,2021-05-26 00:00:00+05:30
2021-05-21 00:00:00+05:30,384.5,386.4,381.65,382.5,1448078,-0.0027375831052014465,-0.0464913374049607,-0.06238509621277111,-0.11754527627177291,0.13636363636363624,0.00248366013071899,-4.193607812988489,-8.35858284103972,-12.328565566101986,0.012181796601369458,0.015222087001347572,1.0,0.5220438,0.0062549070231097525,1,2021-06-04 00:00:00+05:30
2021-05-31 00:00:00+05:30,384.0,389.6,382.2,388.2,3454331,0.01583147978542465,-0.01447067783701439,0.007395873880887471,-0.07626412849494346,0.12375162831089881,-0.006053580628541888,-2.6304643593671244,-7.345357372905312,-12.328663157526478,0.008566946075408416,0.013337398619988651,1.0,0.5272922,0.036050194804833034,1,2021-06-08 00:00:00+05:30
2021-06-08 00:00:00+05:30,390.6,403.25,390.0,402.45,6809356,0.0344428736666238,0.055883510428965,-0.0006208095356344812,-0.06472228677666747,0.032982546201231866,0.00509380047210839,1.698628035778711,-3.9849125683613806,-10.63779408944714,0.010155464720610925,0.013848744005558678,1.0,0.5497736,0.030105063530811126,1,2021-06-10 00:00:00+05:30
2021-06-10 00:00:00+05:30,406.0,415.5,405.85,414.75,4364390,0.025339925834363397,0.06990842254611129,0.051064368981246666,-0.06302948153168408,0.08672867810821439,0.0006027727546715766,6.471189979595408,-0.5095727864962214,-8.603174276772904,0.011142812243942887,0.013429560675434337,1.0,0.53653145,-0.028119212065235672,-1,2021-06-16 00:00:00+05:30
2021-06-16 00:00:00+05:30,410.0,411.2,402.5,403.25,1728594,-0.017661388550548107,0.047402597402597335,0.007621189405297324,-0.11168630906487498,0.04051090181912009,-0.011407315561066445,8.342174932010892,3.582192785475115,-5.319035041328675,0.012056685847540475,0.013444660171836799,1.0,0.5299446,-0.014236004657825763,-1,2021-06-23 00:00:00+05:30
2021-06-21 00:00:00+05:30,395.5,406.2,393.2,405.75,1549277,0.017044742448928396,0.0607843137254902,0.045208655332303005,-0.10882934329013838,0.030214548686047893,-0.010844115834873658,5.600946907960179,3.5902425318970472,-4.355878967309366,0.012629818427115457,0.013372643272156077,1.0,0.5280832,-0.020416494047208123,-1,2021-06-23 00:00:00+05:30
2021-06-23 00:00:00+05:30,402.9,404.95,396.6,397.55,1824603,-0.009468045346954113,0.041934215699122035,0.004675259034622181,-0.13744847038403118,0.025803122177783466,-0.005911206137592773,3.7454843607442285,3.2030717004407165,-3.957969560143624,0.013161837265371061,0.013489134827604035,1.0,0.5239806,-0.022127047206540122,-1,2021-07-06 00:00:00+05:30
2021-06-28 00:00:00+05:30,398.35,409.7,397.55,404.15,3019858,0.018138304572364206,0.057569017401543965,0.005098234270082047,-0.12550037866493569,-0.0003710116250309481,0.008412718050228918,2.3769741910552966,2.718800968639698,-3.4771065061168542,0.01338125640657659,0.012925515040898904,1.0,0.5289836,-0.038592431038900914,-1,2021-07-06 00:00:00+05:30
2021-07-06 00:00:00+05:30,402.0,402.65,388.0,388.85,4329007,-0.036068418443232386,-0.0005140727412928925,-0.04330175913396472,-0.1644821658788138,-0.017062689585439883,0.008357978655008313,0.9746316926659802,2.6939580985466023,-2.061737933111772,0.013770808735833636,0.013601305448203217,1.0,0.55556786,0.03636305186436588,1,2021-07-15 00:00:00+05:30
2021-07-14 00:00:00+05:30,387.05,400.15,386.15,399.35,3947672,0.029783393501805033,-0.027161997563946327,-0.018675512962280316,-0.14238161709438413,-0.03736290225382666,0.009765869537999183,-2.683239948723326,-0.8377805359150443,-3.3587323716926676,0.013820401538225292,0.012692026977297597,1.0,0.54285115,0.029727751855458798,1,2021-07-19 00:00:00+05:30
2021-07-16 00:00:00+05:30,404.95,413.3,403.0,409.3,4905898,0.015003099814011156,0.026715163677411446,-0.008598764684510152,-0.13237943826179122,-0.03648775894538603,0.005130710969948549,0.9053534877548373,0.7569701887823612,-2.453463061525497,0.014112462580876315,0.012775077032703365,1.0,0.5263671,-0.015511821551674347,-1,2021-07-22 00:00:00+05:30
2021-07-20 00:00:00+05:30,412.5,414.0,402.5,404.25,1845582,-0.017379679144384985,-0.003696857670979714,0.007727782624953328,-0.133347625683353,-0.06336886005560705,-0.0030921459492888603,2.793722565336452,2.0270495952335637,-1.5776396016381682,0.01402647156939894,0.012961910385813579,1.0,0.5295553,-0.015204679753762435,-1,2021-07-23 00:00:00+05:30
2021-07-23 00:00:00+05:30,392.0,401.55,387.3,398.15,5803946,-0.01203473945409439,0.0015092441202364526,0.0013832997987925921,-0.1130541323234574,-0.06603330987567446,-0.021725480346602932,1.8718321779641087,1.8864819130325259,-1.3816275477580575,0.01408185470470174,0.012818879372931297,1.0,0.52525926,-0.021964953392650793,-1,2021-07-26 00:00:00+05:30
2021-07-26 00:00:00+05:30,398.15,398.15,388.8,389.5,2134036,-0.021725480346602932,-0.014423076923076872,-0.015170670037926715,-0.13751107174490707,-0.09565823078709079,-0.025545571245186083,0.025564112558470242,0.9827446286070654,-1.7314877682082397,0.014885990758639438,0.013093314015009464,1.0,0.53400505,-0.025877524848025683,-1,2021-07-27 00:00:00+05:30
2021-07-27 00:00:00+05:30,394.95,394.95,378.0,379.55,4496288,-0.025545571245186083,-0.04383423604988024,-0.04659633257975382,-0.15618052467763455,-0.1179409714152917,0.00566460281912784,-2.711108842910562,-0.551307909249374,-2.4490798950914723,0.015156953887622135,0.012661688734318641,1.0,0.5387406,-0.0014501353803509434,-1,2021-08-10 00:00:00+05:30
2021-07-30 00:00:00+05:30,383.45,389.25,381.1,386.35,2792729,0.009933342046791305,-0.04475213252565202,0.01764783353088384,0.009537496733734052,-0.03170426065162901,0.009447392260903298,-5.311670485186255,-3.0085811108905887,-3.8003598134778827,0.01525861635710923,0.012291199615482187,1.0,0.523262,-0.019207489297166543,-1,2021-08-10 00:00:00+05:30
2021-08-05 00:00:00+05:30,386.35,387.0,381.7,384.15,1233269,-0.0037603734439835,-0.012086922978012171,0.01171977877271524,0.013053797468354444,-0.06737072104879827,-0.0014317323961993145,-4.736898556876042,-3.953935972250747,-4.610587556880262,0.012965558819668408,0.012308566198204094,1.0,0.5214346,-0.013496896231217588,-1,2021-08-10 00:00:00+05:30
2021-08-10 00:00:00+05:30,383.0,384.45,376.0,379.0,780964,-0.008502289077828684,-0.024578561317719738,-0.022313942989810376,-0.07538424005855082,-0.06982451834580927,-0.016754617414248107,-5.661630261150776,-5.258348441941109,-5.6235243932649155,0.013008603454332543,0.012251163865067213,1.0,0.52304274,-0.016896563754723603,-1,2021-08-11 00:00:00+05:30
2021-08-11 00:00:00+05:30,379.95,379.95,366.05,372.65,2382866,-0.016754617414248107,-0.03795017426100433,-0.03320793877286288,-0.0848477406679764,-0.06709225184628864,0.004696095532000566,-6.844741207374113,-6.191240710081956,-6.249023887344833,0.013460323631756952,0.01243400129597636,1.0,0.5287403,-0.015414042336630955,-1,2021-08-16 00:00:00+05:30
2021-08-16 00:00:00+05:30,371.75,373.25,366.2,366.95,1228973,-0.011981690899299902,-0.09001859888406694,-0.04688311688311686,-0.10094328065662128,-0.07476046394351998,-0.000953808420765645,-8.905197849009767,-8.464606689258062,-8.008809684077619,0.010142960635859703,0.012522376226044352,1.0,0.5178147,-0.02650990532508385,-1,2021-08-20 00:00:00+05:30
2021-08-20 00:00:00+05:30,367.7,370.8,353.9,357.35,1544686,-0.03418918918918912,-0.11601731601731591,-0.06575163398692807,-0.12403480818727775,-0.08664536741214046,-0.06758080313418224,-10.689900876927766,-10.788624757114235,-9.995550063957637,0.012038150468616393,0.013286543804657247,1.0,0.58335763,-0.06997278337330032,-1,2021-08-23 00:00:00+05:30
2021-08-23 00:00:00+05:30,359.3,362.35,327.55,333.2,7250084,-0.06758080313418224,-0.17320099255583132,-0.1310470726300691,-0.2017249640632487,-0.1561352412308472,0.048919567827130805,-14.97922998757116,-13.621268931202621,-11.778851185350675,0.018300766403696572,0.015819886844053926,1.0,0.64430344,0.04776065138117727,1,2021-08-24 00:00:00+05:30
2021-08-24 00:00:00+05:30,336.0,351.95,332.0,349.5,6358215,0.048919567827130805,-0.12219012934823559,-0.08399947582230383,-0.16527346548841648,-0.11820360792229101,-0.006723891273247573,-15.463963618074672,-14.700895662303992,-12.753017507675338,0.022081616014130938,0.017136988317363877,1.0,0.5814457,-0.02462108439034817,-1,2021-08-26 00:00:00+05:30
2021-08-26 00:00:00+05:30,347.65,349.5,340.0,341.0,1697599,-0.017715684862451342,-0.1015676458964564,-0.10709609845509294,-0.15594059405940597,-0.13462758533181074,0.01671554252199403,-16.753286760366905,-16.987973625427173,-14.8524513049191,0.02163159105534554,0.01711741098851775,1.0,0.52954316,0.04473222814552337,1,2021-08-30 00:00:00+05:30
2021-08-30 00:00:00+05:30,349.0,358.0,347.55,356.6,2905130,0.028554946639746337,-0.06783427003006137,-0.08140133951571349,-0.07460749967561953,-0.07950438822922035,0.006309590577677993,-14.238372157769618,-17.15814883315062,-15.951296423590634,0.02315200306959416,0.01767487929045437,1.0,0.5414331,-0.002527026474630621,-1,2021-09-14 00:00:00+05:30
2021-09-03 00:00:00+05:30,361.7,365.7,357.5,363.5,2170998,0.01352293322180409,-0.057313278008298774,-0.05559885684593391,-0.08125868823455074,-0.03363020071779865,-0.005502063273727598,-7.636209256085465,-14.790980736065194,-16.419390434881052,0.02364613582631434,0.017222124425068215,1.0,0.5253932,-0.022394704598082033,-1,2021-09-08 00:00:00+05:30
2021-09-08 00:00:00+05:30,362.0,362.1,353.8,355.45,1639254,-0.0036440084092501657,-0.07011118378024861,-0.12126081582200254,-0.11081926203877424,-0.16433525332079468,-0.007596005064003375,-5.889423427259942,-13.526145490904412,-16.638378431390322,0.02373676539693223,0.016904642721138292,1.0,0.52136153,0.058197245131112685,1,2021-09-16 00:00:00+05:30
2021-09-16 00:00:00+05:30,357.5,379.0,355.85,376.75,5530580,0.05384615384615388,0.026706635781441612,-0.06571605703657779,-0.05859570214892551,-0.12515964240102162,0.0017252820172528605,-1.435895067087074,-10.433506653339464,-16.12263170307972,0.026488904193316707,0.018128553674063973,1.0,0.5943747,-0.044367311772421994,-1,2021-09-20 00:00:00+05:30
2021-09-20 00:00:00+05:30,376.0,376.0,359.0,360.4,3169722,-0.04504504504504503,-0.025945945945946014,-0.0966286502067929,-0.07990809292826151,-0.16186046511627916,0.019006659267480686,0.4088321143600524,-8.426430472847244,-15.192176113815378,0.027294105092562984,0.018936387787911284,1.0,0.57462156,0.012408817708219033,1,2021-10-04 00:00:00+05:30
2021-09-23 00:00:00+05:30,369.0,371.8,366.55,368.2,1257724,0.0017684668752551147,0.05350500715307582,-0.07382719154823303,-0.06949709375789737,-0.16734509271822706,-0.02186311787072248,1.6401910274202578,-6.270280835873393,-14.02033231281672,0.019641776615171195,0.018934361827209846,1.0,0.52100813,-0.022105657463605613,-1,2021-09-24 00:00:00+05:30
2021-09-24 00:00:00+05:30,368.5,369.85,358.0,360.15,1493295,-0.02186311787072248,0.03744778914014124,-0.08868927125506076,-0.104661280298322,-0.20671806167400886,-0.005553241704845169,0.7130137965218069,-6.28105833326083,-13.957408729035876,0.01989372224802931,0.019072044256994776,1.0,0.5339807,-0.0038948442615409622,-1,2021-10-08 00:00:00+05:30
2021-10-01 00:00:00+05:30,362.0,367.6,358.25,365.3,1551246,0.007168458781362075,0.029884409360022568,-0.1005786039640526,-0.10564328559187164,-0.14649532710280366,-0.0010949904188338744,0.01698554009618647,-5.248305759915581,-13.096006143917634,0.01845721808726956,0.018547708573877244,1.0,0.5220316,-0.02466523820458264,-1,2021-10-06 00:00:00+05:30
2021-10-06 00:00:00+05:30,362.0,364.2,355.85,356.4,1197301,-0.015469613259668558,-0.014107883817427447,-0.08345120226308356,-0.12313937753721249,-0.203931203931204,0.009399551066217704,-0.999324331743594,-5.078299073135213,-12.718155748369213,0.018372853181504754,0.018606789638336427,1.0,0.52751124,-0.02485746905162737,-1,2021-10-14 00:00:00+05:30
2021-10-13 00:00:00+05:30,359.95,359.95,351.3,352.25,4417346,-0.016885291655037715,-0.009699184706213115,-0.09167096441464673,-0.12874103388572844,-0.24917403815410843,-0.01305890702625978,-2.6447831763623526,-5.502136734459555,-12.550767561521468,0.018764502379248624,0.018132000565043372,1.0,0.52870375,-0.02806949307650962,-1,2021-10-18 00:00:00+05:30
2021-10-18 00:00:00+05:30,347.65,349.0,341.35,342.5,2870530,-0.014813749460664383,-0.09090909090909094,-0.15065096094234343,-0.1534849233811172,-0.25969955690046465,0.005547445255474459,-5.55471832535909,-7.20333984365476,-13.36714890766092,0.014018488635567436,0.01812477240784469,1.0,0.52685404,-0.05614561645874524,-1,2021-10-22 00:00:00+05:30
2021-10-22 00:00:00+05:30,342.0,343.0,322.5,323.8,7224929,-0.061313233802000267,-0.1190314242960141,-0.1965260545905707,-0.18918242143483166,-0.27707077472650143,-0.00772081531809754,-10.037675313552484,-10.731468862981274,-15.430864126514336,0.016122772244614683,0.01934604393919901,1.0,0.61958635,0.04203188614798729,1,2021-10-27 00:00:00+05:30
2021-10-26 00:00:00+05:30,323.0,334.7,320.1,333.55,3113691,0.03812636165577343,-0.07385811467444114,-0.14364569961489082,-0.1566371681415929,-0.2415870850386539,0.01244191275670814,-11.921041414752551,-12.881786443127965,-16.926425105238195,0.018499082843167786,0.020025542591449497,1.0,0.5583511,0.05127830401886224,1,2021-10-29 00:00:00+05:30
2021-10-29 00:00:00+05:30,337.85,352.5,335.5,351.1,5793111,0.03921858813082735,-0.031715388858245985,-0.08221147562410136,-0.10865701954810858,-0.15843720038350906,-0.007974935915693537,-7.136562442749209,-11.653326971614263,-16.951995964913976,0.020861216643480524,0.02070217069468,1.0,0.56034887,0.029882282337206533,1,2021-11-15 00:00:00+05:30
2021-11-15 00:00:00+05:30,347.5,362.4,347.1,361.75,7501814,0.044162216770096796,0.02696948190205828,-0.0337873931623931,-0.06957304526748975,-0.12789296046287368,0.021008984105044926,1.3088319598562066,-5.314864742386817,-14.032331015500802,0.022309597345001028,0.02135776383648178,1.0,0.5712166,0.039699042199631336,1,2021-11-17 00:00:00+05:30
2021-11-16 00:00:00+05:30,361.8,370.5,360.3,369.35,6775061,0.021008984105044926,0.06241909966920778,-0.005519655358104392,-0.042638672887506446,-0.11213942307692304,0.019087586300257087,3.9675961696567015,-3.4653059847905183,-12.966872083072246,0.022307442234572625,0.02149736803974887,1.0,0.5318903,-0.03163079979014029,-1,2021-11-22 00:00:00+05:30
2021-11-18 00:00:00+05:30,377.4,377.4,364.0,366.95,3134730,-0.025106269925611047,0.06547619047619047,0.000954719039825358,-0.05095047200310354,-0.12191911940655653,-0.02479901893990999,7.365624672001843,-0.2639377160303411,-10.875656567453234,0.023384504714801697,0.019456041663838717,1.0,0.5381338,-0.025111694806465218,-1,2021-11-22 00:00:00+05:30
2021-11-22 00:00:00+05:30,366.45,366.9,356.15,357.85,2115434,-0.02479901893990999,0.04711046086320425,-0.03283783783783778,-0.06700560552731061,-0.15341850011828717,0.022216012295654508,6.343604427926266,-0.04971516393368347,-10.478109072970938,0.024192406351286114,0.018744340162728593,1.0,0.5376605,0.005295441582870672,1,2021-12-06 00:00:00+05:30
2021-11-23 00:00:00+05:30,356.45,372.0,351.4,365.8,3195124,0.022216012295654508,0.06044354254239748,0.023646285154610203,-0.04366013071895425,-0.15607336486330603,-0.016402405686167354,6.630183641224619,0.7426326870673847,-9.781361241811169,0.019401439016295322,0.018925037260804103,1.0,0.53325164,-0.015427303214909635,-1,2021-12-07 00:00:00+05:30
2021-12-01 00:00:00+05:30,362.2,373.9,358.1,370.7,3496010,0.02857935627081032,0.05582455140985454,0.039540100953449064,-0.045079855744461605,-0.11790600832837594,-0.008632317237658449,5.4904544550541345,2.8808528594980203,-6.816585743788551,0.017386984055594613,0.018750082793789716,1.0,0.54168767,-0.029983764389209352,-1,2021-12-06 00:00:00+05:30
2021-12-06 00:00:00+05:30,367.0,369.5,358.5,359.75,1309429,-0.019353959383944463,0.03242932988951064,0.003067057019378261,-0.06582705790703713,-0.15502055196711684,0.0012508686587908713,4.235186154771043,3.26390274289173,-5.619970452301459,0.01808847045172665,0.01879160803378315,1.0,0.5311364,0.0621033138113221,1,2021-12-08 00:00:00+05:30
2021-12-08 00:00:00+05:30,361.0,387.9,360.6,382.8,7931372,0.06274292059966702,0.09763440860215056,0.058921161825726154,-0.01606477316540289,-0.11654742672513274,-0.025731452455590498,5.894494333461978,4.520548217990495,-4.364545119657919,0.02254437739830056,0.020402783132462753,1.0,0.62164426,-0.02606829717762706,-1,2021-12-09 00:00:00+05:30
2021-12-09 00:00:00+05:30,383.0,386.0,372.0,372.95,4191269,-0.025731452455590498,0.07478386167146978,0.04540995094604061,-0.073301031183998,-0.13327910759934936,-0.002010993430754837,6.1997518739804605,5.018877865954494,-3.763216825572215,0.023579917526389094,0.02070431239730445,1.0,0.5390075,-0.026628390348995137,-1,2021-12-16 00:00:00+05:30
2021-12-16 00:00:00+05:30,376.2,377.55,361.65,363.15,2537038,-0.03263185935002666,-0.016786246108027703,0.015804195804195675,-0.11534713763702809,-0.19470007761392616,-0.027261462205700027,5.089745602538471,6.155346285028543,-1.3308812666023755,0.022283805821874846,0.019211106474603057,1.0,0.5498098,-0.027639950487540265,-1,2021-12-17 00:00:00+05:30
2021-12-17 00:00:00+05:30,365.4,367.25,349.4,353.25,2108444,-0.027261462205700027,-0.0615037194473963,-0.06237558062375581,-0.12399256044637319,-0.22183059808348937,-0.006935598018400491,2.128986191937429,4.714873554564235,-1.742483280314616,0.022408537094847778,0.019375695584159826,1.0,0.5410694,0.05801516711205746,1,2021-12-23 00:00:00+05:30
2021-12-22 00:00:00+05:30,353.0,365.9,349.85,360.1,3069556,0.02665716322166789,-0.015582285401858909,-0.019469026548672552,-0.11250770178681446,-0.20909290577641115,0.039572341016384405,-2.0832273768245386,1.7225908936777614,-2.6764293592434,0.021735183661414616,0.019501170253226747,1.0,0.5389468,0.008984786407815257,1,2022-01-05 00:00:00+05:30
2021-12-23 00:00:00+05:30,360.8,376.25,360.05,374.35,6612121,0.039572341016384405,0.04043913285158429,0.018500884233437764,-0.06727295378098919,-0.18619565217391298,-0.05315880860157618,0.041638249761376755,2.527836529393312,-2.1250777106724286,0.023415391672226324,0.020135992999187783,1.0,0.5610705,-0.0546238963756678,-1,2021-12-24 00:00:00+05:30
2021-12-24 00:00:00+05:30,363.0,366.0,352.5,354.45,7151655,-0.05315880860157618,-0.022206896551724142,-0.03734383487235193,-0.10841403597031829,-0.2309611629420698,0.005642544787699322,-1.2688648040995645,1.6682768980150513,-2.4109162249229144,0.026455799288296795,0.02126783417545299,1.0,0.59573954,0.011361367738648522,1,2022-01-07 00:00:00+05:30
2021-12-31 00:00:00+05:30,363.95,367.0,361.6,364.65,1788993,0.008992805755395628,-0.0077551020408164195,0.005376344086021501,-0.09840524168624065,-0.24338624338624337,-0.005210475798711034,-0.7809314053627077,0.7104041416396285,-2.4766533669794057,0.025802257471370313,0.02136576213177259,1.0,0.52268946,-0.019243343165269943,-1,2022-01-14 00:00:00+05:30
2022-01-13 00:00:00+05:30,365.0,374.2,358.6,370.25,2924164,0.014800602987529166,-0.013718700053276467,0.05110007097232083,-0.04525528623001551,-0.18590589270008795,-0.03389601620526672,0.8566888723852344,0.8835267810733285,-1.8124332033152086,0.019071433246039243,0.021156925769045733,1.0,0.5260871,-0.03448380688293612,-1,2022-01-14 00:00:00+05:30
2022-01-14 00:00:00+05:30,370.25,374.35,356.3,357.7,4700387,-0.03389601620526672,-0.015007572628390475,0.028908384869840376,-0.10429447852760743,-0.23182647911521526,-0.0016773832820798917,0.008001490617630225,0.47862201889449807,-1.9489682919693223,0.019640706691585904,0.021613863256877693,1.0,0.55210507,-0.025482692583366627,-1,2022-01-18 00:00:00+05:30
2022-01-18 00:00:00+05:30,358.0,359.5,347.0,348.7,1631061,-0.023522822738728744,-0.005986316989737839,0.012485481997677184,-0.14805765941851945,-0.26083730789613147,0.053484370519070845,-2.36295750143546,-0.8892485575642581,-2.5648193192943722,0.02032678621695258,0.020255414717529854,1.0,0.5359365,0.05210311838468098,1,2022-01-19 00:00:00+05:30
2022-01-19 00:00:00+05:30,353.3,369.5,353.3,367.35,8460578,0.053484370519070845,0.04732715609408422,0.07490855888807624,-0.10707340787554676,-0.20624459809853068,-0.008574928542262272,-0.8693505711258354,-0.2787780563386377,-2.247043080147421,0.022906519676560308,0.021300657411472863,1.0,0.59463364,0.05275540723069155,1,2022-02-02 00:00:00+05:30
2022-01-21 00:00:00+05:30,364.0,382.5,356.0,377.1,9950400,0.03542009884678765,0.007346066515293126,0.1646077825818406,-0.06426799007444162,-0.1749261568756153,-0.011402810925484008,2.0609209669401594,1.2219164403285845,-1.4037215777810843,0.01881099223950966,0.021231657322847357,1.0,0.5529743,-0.04807442991485285,-1,2022-01-27 00:00:00+05:30
2022-01-27 00:00:00+05:30,372.45,374.15,357.0,359.4,2404382,-0.039807640929735544,0.00969237252423083,0.06425821735267978,-0.05308918456066403,-0.20097821253890624,0.013077351140790228,2.3576037023265144,2.054845607341747,-0.6365500376443265,0.020997784152823662,0.021371051539997528,1.0,0.56357014,0.04555202565677197,1,2022-02-01 00:00:00+05:30
2022-02-01 00:00:00+05:30,369.1,376.9,366.15,376.15,1563744,0.024652683192590397,0.0315370903606198,0.07995980476600617,-0.026400931797592952,-0.017115233864645973,0.029509504187159363,3.1847947732286457,2.821290549037883,0.07755049073097098,0.021803402491299157,0.021612746977942496,1.0,0.53619146,0.05972501406294523,1,2022-02-07 00:00:00+05:30
2022-02-02 00:00:00+05:30,379.0,389.9,378.15,387.25,4529790,0.029509504187159363,0.06753962784286704,0.12067718130516569,-0.007051282051282026,0.025691961329625146,0.014073595868302036,5.624011106342664,4.321730231266599,0.990683165331518,0.02265241559767299,0.021912261234071886,1.0,0.54293597,0.05035676818517641,1,2022-02-09 00:00:00+05:30
2022-02-07 00:00:00+05:30,390.5,404.5,390.25,399.3,6057343,0.01953274607430111,0.10808935756903004,0.14494623655913985,0.03943771964076537,0.05300632911392422,0.01327322814926113,11.433763350132324,8.946509775093489,4.130944607645461,0.02272442085572047,0.022055252716087905,1.0,0.5302365,-0.02999716527577399,-1,2022-02-21 00:00:00+05:30
2022-02-14 00:00:00+05:30,395.0,402.75,392.0,393.55,1638123,-0.02320675105485226,0.0629304523970291,0.08790601243953011,0.05114850427350426,-0.03777506112469431,0.026299072544784474,13.37809435673472,14.056421644985448,9.01510704934691,0.021902570044392704,0.02116955145543803,1.0,0.5357664,-0.023784627017660934,-1,2022-02-22 00:00:00+05:30
2022-02-15 00:00:00+05:30,393.55,404.85,392.6,403.9,1702145,0.026299072544784474,0.12915851272015644,0.0935427101665085,0.08750673128702213,-0.0022233201581028927,-0.005075513741024884,13.391216362837156,14.671358922972786,9.819904185338828,0.022341721839291378,0.021126048663768836,1.0,0.53825516,-0.02051097417798853,-1,2022-02-17 00:00:00+05:30
2022-02-17 00:00:00+05:30,403.0,405.75,393.3,395.7,1131202,-0.01530421799178805,0.13478634929739042,0.07834854884861708,0.07937806873977071,-0.026328740157480324,-0.007581501137225222,11.395245129066211,14.667032858922596,10.801599714145823,0.018985980492778776,0.02096627140169123,1.0,0.5273895,-0.020940499597976926,-1,2022-02-21 00:00:00+05:30
2022-02-21 00:00:00+05:30,390.4,392.2,385.0,387.5,1125934,-0.013241660300483793,0.06397583745194946,0.05932203389830515,0.08437106478242606,-0.05012869224169625,-0.008258064516128982,7.5919747411734875,13.18031515370609,10.91636508733211,0.01778725806866242,0.02107379766769084,1.0,0.52570975,-0.03505906226703419,-1,2022-02-24 00:00:00+05:30
2022-02-23 00:00:00+05:30,384.1,397.15,383.45,395.45,2297257,0.02901379130887327,0.06075643776824036,0.0908965517241378,0.13147353361945635,-0.05552901839025559,-0.05386268807687444,5.467840062073151,11.947763578390663,10.970170689319218,0.01870895145529192,0.02134777016626394,1.0,0.54226947,-0.0553675704390587,-1,2022-02-24 00:00:00+05:30
2022-02-24 00:00:00+05:30,389.0,394.85,372.9,374.15,2949622,-0.05386268807687444,-0.0004007480630511262,0.03128445424476278,0.07777617744490861,-0.10937871935253518,0.0545235867967393,2.3280815555951904,10.141820405296812,10.335674893982457,0.020569753067271195,0.022228037061190163,1.0,0.59852344,0.053089088440676495,1,2022-02-25 00:00:00+05:30
2022-02-25 00:00:00+05:30,379.7,395.8,378.4,394.55,1945989,0.0545235867967393,0.09780189204229273,0.08273874862788144,0.15703812316715537,-0.023391089108910856,-0.11582815866176654,2.941355129971498,10.132027825882233,10.554752426990092,0.02358792329800535,0.023264411184390075,1.0,0.5968914,-0.1231038445817984,-1,2022-02-28 00:00:00+05:30
2022-02-28 00:00:00+05:30,394.9,394.9,347.0,348.85,15809887,-0.11582815866176654,-0.041884097775336415,-0.032047724750277395,0.006201326795500561,-0.12272098579152513,-0.011466246237637923,-3.1716598702298597,6.563922327934051,8.91569098525298,0.03569911285993493,0.0277579181752866,1.0,0.8158862,-0.061018851729255176,-1,2022-03-04 00:00:00+05:30
2022-03-04 00:00:00+05:30,340.0,340.95,327.0,328.2,4510173,-0.03484781649757396,-0.1524854744996772,-0.10535641270273965,-0.07471102340005642,-0.17496229260935148,0.005484460694698434,-16.452867475793028,-3.6627565891757854,3.4039906559715405,0.03461044207039396,0.02681019339515434,1.0,0.55264837,0.004863231469508174,1,2022-03-21 00:00:00+05:30
2022-03-15 00:00:00+05:30,331.25,336.95,325.7,327.45,4762960,-0.0038028597505324058,-0.18726731198808633,-0.13407378024593408,-0.07395361990950233,-0.16753527392907086,0.005344327378225655,-19.70915634984084,-15.581151731347802,-6.456626577651377,0.034085982239229484,0.026185714461032638,1.0,0.5216052,0.0634499765286659,1,2022-03-25 00:00:00+05:30
2022-03-23 00:00:00+05:30,336.0,341.9,335.7,337.2,2868421,0.0074693755602031064,-0.14132925897631776,-0.03863150392017112,-0.06437291897891229,-0.1391370947153434,0.015124555160142439,-13.502663637976923,-16.619254918809645,-10.321202962714722,0.033974284367186476,0.02460390735538563,1.0,0.5223971,0.03811370407574075,1,2022-04-06 00:00:00+05:30
2022-03-25 00:00:00+05:30,343.55,350.9,342.0,348.9,4089702,0.019281332164767573,-0.09211553473848566,-0.06798450647789511,-0.05074139572847236,-0.10343055377103949,-0.00917168243049582,-8.489832591201377,-14.5623437062726,-10.396783992666599,0.03386154681440024,0.024803977393896358,1.0,0.53027296,-0.03886537359967713,-1,2022-03-31 00:00:00+05:30
2022-03-31 00:00:00+05:30,343.0,343.9,334.45,335.6,2009138,-0.017420582637973858,-0.03798194066217575,-0.07203096916908602,-0.07280011051250168,-0.1653817458343696,0.01877234803337302,-5.646862947036539,-12.569816263485563,-11.01006288893052,0.01344677737689508,0.024816792442802584,1.0,0.52921474,0.05153909254381222,1,2022-04-07 00:00:00+05:30
2022-04-04 00:00:00+05:30,344.2,348.0,341.75,346.45,1627838,0.013307984790874583,0.01882076165269808,-0.04991087344028522,-0.04480286738351258,-0.12346616065781157,0.002453456487227612,-3.648145287150726,-11.16527941949954,-10.939537528905646,0.011322491211726885,0.02500220037784459,1.0,0.5253445,-0.024840552527027104,-1,2022-04-19 00:00:00+05:30
2022-04-08 00:00:00+05:30,354.55,357.8,353.0,355.0,1524533,0.004669591057025579,0.05091770278271168,-0.014846676841959283,-0.003928170594837188,-0.12658383565014142,-0.010281690140845012,1.2453701453509325,-7.071127227865645,-9.620796900859489,0.010417049793057919,0.02503377617587838,1.0,0.52142245,-0.03380442186160855,-1,2022-04-18 00:00:00+05:30
2022-04-18 00:00:00+05:30,347.8,350.6,338.4,343.2,2986116,-0.021385799828913643,0.04809894640403112,-0.059339454570371486,-0.042143455205135405,-0.18344039971448967,-0.015297202797202814,0.5520786370115047,-5.485324755461022,-8.986294766896378,0.011801727198740147,0.02467442867332105,1.0,0.53328806,0.08580873102386935,1,2022-04-21 00:00:00+05:30
2022-04-20 00:00:00+05:30,342.0,353.8,337.3,352.55,3702037,0.043201657049859454,0.0636596771760447,-0.014397539837852857,0.014094635409175993,-0.1336773559405332,0.060700609842575526,0.10377698636040122,-5.187821266173671,-8.891830424496561,0.015439623025492054,0.02421855974336865,1.0,0.5684757,0.058929642472627,1,2022-04-21 00:00:00+05:30
2022-04-21 00:00:00+05:30,352.6,375.0,348.6,373.95,8965603,0.060700609842575526,0.1338690115221346,0.04718566227947352,0.09182481751824811,-0.07575383094414245,0.0042786468779250075,3.8846608641858893,-2.876038248646296,-7.698054878760729,0.0199623209692388,0.025442048895021906,1.0,0.6133871,-0.03220168186608099,-1,2022-05-05 00:00:00+05:30
2022-04-29 00:00:00+05:30,377.0,381.7,367.0,368.45,3420515,-0.02203052422030527,0.07279079924297571,-0.015629174458990147,0.10463198920701533,-0.06839443742098616,0.011806215225946604,10.802744351496926,5.9265086376429394,-1.5809825827996633,0.020540882080594524,0.024671031021205637,1.0,0.5341387,-0.05710253743853397,-1,2022-05-06 00:00:00+05:30
2022-05-05 00:00:00+05:30,370.0,370.0,360.8,362.1,840435,-0.013485901103391873,0.059081602807838696,-0.013620266957232396,0.031330105383081674,-0.08073115003808062,-0.03893951946975982,6.874320505020307,5.750784297648124,-0.5555650083005048,0.02045033133232537,0.024263707360509836,1.0,0.5260141,-0.039717936997121256,-1,2022-05-06 00:00:00+05:30
2022-05-06 00:00:00+05:30,358.1,361.7,347.1,348.0,1273996,-0.03893951946975982,0.004473950064944443,-0.07483716602419244,-0.0008613264427218548,-0.08336625839589085,-0.02715517241379306,3.397238047069834,4.216059474901385,-1.025884036761454,0.02244280028311348,0.02475154085429754,1.0,0.5610465,-0.027530687842819902,-1,2022-05-09 00:00:00+05:30
2022-05-09 00:00:00+05:30,340.2,349.9,337.0,338.55,1321944,-0.02715517241379306,-0.025194356464152023,-0.12575855390574564,-0.02025756041093907,-0.10554821664464986,-0.0228917442032196,-0.49520296590043245,2.170867112433143,-1.8351892547153739,0.023161596916363276,0.024807862393239368,1.0,0.54063284,-0.02315782878211813,-1,2022-05-10 00:00:00+05:30
2022-05-10 00:00:00+05:30,338.55,343.4,328.1,330.8,1277055,-0.0228917442032196,-0.05566657151013421,-0.15762668703845173,-0.05065289137609408,-0.11361200428724538,0.010429262394195948,-4.3738793713431505,-0.1659205034010256,-2.887380166885123,0.02350722425817898,0.02485898791130994,1.0,0.5349891,-0.033505516194063986,-1,2022-05-16 00:00:00+05:30
2022-05-13 00:00:00+05:30,330.0,335.55,323.5,326.15,691415,-0.0054886415612136474,-0.07172335278212616,-0.19389520514088,-0.060086455331412214,-0.14430014430014426,-0.019162961827380087,-10.723614695779986,-5.549837976853098,-5.71466667165015,0.023857119245709844,0.02496459105863861,1.0,0.52184886,0.020785091738338875,1,2022-05-27 00:00:00+05:30
2022-05-17 00:00:00+05:30,322.65,332.0,320.25,330.45,1061358,0.03297905595498607,-0.05774165953806676,-0.18144661877631907,-0.04659549913444905,-0.14755578485747456,0.022393705553033882,-12.385933996573158,-8.27258903131957,-7.5047275521420715,0.02506560086966426,0.02506331598051616,1.0,0.5486614,-0.024352225680634634,-1,2022-05-19 00:00:00+05:30
2022-05-19 00:00:00+05:30,334.0,337.8,321.55,322.5,1342321,-0.04543436436288295,-0.045716822015090974,-0.1805361453436667,-0.10850034554250176,-0.17052469135802473,0.054263565891472965,-11.80812045303503,-9.522706224169326,-8.641816057597225,0.025246501296608038,0.02582588074214671,1.0,0.5748364,0.05284248137437999,1,2022-05-20 00:00:00+05:30
2022-05-20 00:00:00+05:30,327.05,340.85,325.75,340.0,3683548,0.054263565891472965,-0.03559778754786558,-0.15820747709829164,-0.07946392310816308,-0.11871435977190259,-0.005735294117647061,-9.766683076815866,-9.139684285927899,-8.721983751090306,0.024403280288537988,0.026856282100628452,1.0,0.5950455,-0.03167279986666719,-1,2022-05-24 00:00:00+05:30
2022-05-24 00:00:00+05:30,339.0,341.0,328.0,329.4,1142414,-0.025587930779470636,-0.12288643323126092,-0.16755117513267626,-0.10233001771358496,-0.1480667270140954,-0.015786278081360017,-8.519291708465403,-9.358495556362982,-9.327203173502085,0.024297986637637253,0.026982984389256417,1.0,0.5383644,-0.02801476112842743,-1,2022-06-03 00:00:00+05:30
2022-05-27 00:00:00+05:30,327.5,333.7,327.1,333.0,895936,0.0233558696988323,-0.12815813588165992,-0.13348946135831385,-0.07448582545858817,-0.1315686530186465,0.003153153153153232,-8.184455186946593,-10.320819068926085,-10.619184384518292,0.02522801547515709,0.025029729924797683,1.0,0.53474617,-0.030799812216214355,-1,2022-06-02 00:00:00+05:30
2022-06-02 00:00:00+05:30,328.05,329.5,319.55,322.9,4452479,-0.01464754348489472,-0.12028334014439457,-0.07438727246667631,-0.10405105438401774,-0.1550438309564307,-0.008052028491792984,-6.944978892970028,-10.289753725382695,-11.53063082882727,0.024854198845653104,0.01973351038101987,1.0,0.52682966,0.0486574296162209,1,2022-06-10 00:00:00+05:30
2022-06-09 00:00:00+05:30,323.4,338.55,321.55,337.15,8216222,0.051785992824832316,0.008676140613313343,0.008072955598744214,-0.06399222654081071,-0.12405819693426867,0.005487171881951802,-5.830773187093541,-10.77423471296055,-13.043551230410003,0.02510944897602641,0.020750196778206064,1.0,0.5888064,-0.03225113754794838,-1,2022-06-14 00:00:00+05:30
2022-06-13 00:00:00+05:30,335.25,338.8,327.6,331.05,1783868,-0.02345132743362832,0.015023762072666091,-0.006452581032412863,-0.11234749966483437,-0.17741334327245617,-0.013895181996677275,-2.9280170092142725,-9.044348537434587,-12.501762344987014,0.02527451193252159,0.02094269969517794,1.0,0.53565717,-0.02849457489461911,-1,2022-06-16 00:00:00+05:30
2022-06-16 00:00:00+05:30,327.85,329.4,318.35,321.75,1456444,-0.011520737327188946,-0.04765428444576003,-0.01740723774622077,-0.14914716382387938,-0.2246987951807229,-0.02377622377622368,-3.94327028191168,-9.083594127552942,-12.884074182094992,0.021641963234027922,0.021040118614216608,1.0,0.5246504,-0.024063439931635084,-1,2022-06-17 00:00:00+05:30
2022-06-17 00:00:00+05:30,320.5,321.0,312.0,314.1,1353964,-0.02377622377622368,-0.026046511627906943,-0.0458687727825029,-0.16329248801278629,-0.23771386967601016,0.006367398917542122,-5.407894976964769,-9.795080759892926,-13.373955241360932,0.01810972493208507,0.021162419390224202,1.0,0.53598505,-0.00815156755436988,-1,2022-07-01 00:00:00+05:30
2022-06-21 00:00:00+05:30,317.0,326.5,313.5,325.0,1465141,0.028155646947168433,-0.03860375684070405,-0.014554275318374832,-0.07997169143665961,-0.19404835709857404,-0.03384615384615386,-5.179134068146709,-9.803558807018646,-13.680630631297731,0.01872317697676812,0.02138803926364238,1.0,0.54110575,-0.03443219642148413,-1,2022-06-22 00:00:00+05:30
2022-06-22 00:00:00+05:30,317.1,324.1,311.5,314.0,2795435,-0.03384615384615386,-0.04675166970248934,-0.06184642963848219,-0.10490307867730908,-0.2123416530791421,0.040286624203821564,-6.01022667182923,-10.26902358121805,-14.059843562539413,0.019897494637587814,0.021647424996978894,1.0,0.55106646,0.022048137221762597,1,2022-07-06 00:00:00+05:30
2022-06-23 00:00:00+05:30,315.5,328.7,312.55,326.65,3009496,0.040286624203821564,0.007557063541024034,-0.031287069988137683,-0.06870990734141136,-0.18122571750845973,0.0009184142048064281,-4.698960016298486,-9.641744555390574,-13.88531769820213,0.021966376263908193,0.022283686780698787,1.0,0.5621645,-0.03330528806729509,-1,2022-06-28 00:00:00+05:30
2022-06-28 00:00:00+05:30,318.6,319.25,314.5,315.95,2250561,-0.012501953430223423,-0.05418350546325412,-0.08605727509401218,-0.10861898716321061,-0.205257200352157,-0.018199082133248945,-4.426084358266394,-9.280355562592433,-14.007227591067647,0.021884849239348917,0.02237246980301309,1.0,0.5252714,-0.024186331530289873,-1,2022-06-30 00:00:00+05:30
2022-06-30 00:00:00+05:30,310.9,313.0,307.0,308.4,2216979,-0.005802707930367523,-0.05889533109551426,-0.09705753184014065,-0.13358617783396554,-0.22307595415039683,0.010214007782101353,-6.614300636713722,-10.499038636761497,-14.864294353436549,0.02167805788222136,0.02225761080264753,1.0,0.5219829,0.04563529470661936,1,2022-07-08 00:00:00+05:30
2022-07-06 00:00:00+05:30,316.8,321.5,314.0,321.0,1838655,0.02376016584276819,0.013417521704814472,-0.0757270371436799,-0.11509303928325287,-0.20965160654930437,0.0012461059190029822,-4.89267742687349,-10.079971778789115,-15.23163024580117,0.02231781655202312,0.02248238150739745,1.0,0.53529274,0.015609620709195353,1,2022-07-20 00:00:00+05:30
2022-07-11 00:00:00+05:30,322.5,329.9,319.25,328.9,1048019,0.018897149938041924,-0.02979351032448385,-0.07352112676056344,-0.08727625919245185,-0.15417256011315428,-0.013529948312556939,-0.852709474317237,-7.559635167900012,-14.16047248253227,0.018610565152623354,0.02259345459505292,1.0,0.52995676,-0.018875723468259383,-1,2022-07-25 00:00:00+05:30
2022-07-14 00:00:00+05:30,331.0,335.6,327.8,331.9,1831364,0.00850805226374951,0.019662058371735736,-0.053607071571143416,-0.07458525024397045,-0.14579848153390818,0.0015064778547755342,2.0328899963717504,-4.943204486259219,-12.724264187351594,0.01870637601720568,0.02179447493993443,1.0,0.52268946,-0.02795568899917699,-1,2022-07-25 00:00:00+05:30
2022-07-20 00:00:00+05:30,331.0,331.75,324.5,326.05,1825208,-0.009117155447500358,0.0032307692307693703,-0.12809199090787537,-0.08695043405208625,-0.1914445133292002,0.015795123447323922,2.7774339936802903,-2.580145164331384,-10.943864913326195,0.014998969431067481,0.0201740519917992,1.0,0.5232011,-0.024213506401695416,-1,2022-07-26 00:00:00+05:30
2022-07-25 00:00:00+05:30,327.0,327.55,320.7,322.75,781225,-0.014654251259349715,-0.012846000917571487,-0.1507696355742666,-0.11381109280615043,-0.20160791589363014,-0.013942680092951187,1.661883798001952,-2.0464782376749895,-10.129261694284764,0.012251675482520593,0.020165854984890187,1.0,0.52670795,-0.050844946135731116,-1,2022-07-28 00:00:00+05:30
2022-07-28 00:00:00+05:30,316.0,316.0,305.05,306.75,8467901,-0.05119084441695021,-0.01112185686653766,-0.16745827113583933,-0.18047021106064653,-0.21245186136071892,0.0014669926650365817,-2.557918274942949,-3.86023549259113,-10.62357448492071,0.016862104135232866,0.021134886158155217,1.0,0.58948004,0.01424202742420605,1,2022-08-12 00:00:00+05:30
2022-08-04 00:00:00+05:30,309.4,314.65,308.35,314.0,2363017,0.0181582360570689,-0.02180685358255452,-0.07251513808890864,-0.18915429309231757,-0.19487179487179485,-0.002229299363057269,-5.316189872123346,-6.523493451506965,-11.928292341709266,0.016456162291646516,0.020156609268653338,1.0,0.5292634,-0.01880630850000124,-1,2022-08-19 00:00:00+05:30
2022-08-16 00:00:00+05:30,312.95,318.45,311.25,317.35,1424508,0.019926080668488,-0.043838505573967956,-0.03964291118172181,-0.21389645776566746,-0.16266490765171493,0.00047266425082703734,-2.7580848927049715,-5.8662152383727175,-11.722299065070501,0.016062283440500758,0.01727272617261268,1.0,0.5309905,-0.029418588344227063,-1,2022-08-19 00:00:00+05:30
2022-08-19 00:00:00+05:30,315.0,315.95,307.6,308.15,2301259,-0.021746031746031846,-0.06351618295091943,-0.09367647058823536,-0.2370636296112899,-0.17030156165858912,-0.00859970793444742,-2.723985662733753,-5.671286517467593,-11.5801052459218,0.016544636463097367,0.017089674391466567,1.0,0.53351897,-0.021485041274450962,-1,2022-09-01 00:00:00+05:30
2022-08-30 00:00:00+05:30,306.5,310.5,305.3,309.9,1608532,0.021087314662273426,0.010268948655256738,-0.07243340317270286,-0.17172257116129896,-0.10730231888232755,-0.026782833171990816,-3.9904001445688095,-6.894237201570263,-12.39694796359288,0.011100067287592642,0.016819380945697984,1.0,0.53225493,-0.027148028659901395,-1,2022-09-01 00:00:00+05:30
2022-09-01 00:00:00+05:30,301.0,304.9,297.55,301.6,3239075,-0.026782833171990816,-0.01822916666666652,-0.07964601769911495,-0.23558484349258646,-0.11554252199413484,-0.019893899204244003,-4.577531641979135,-7.262506778068655,-12.624403548645773,0.012552126719199752,0.017151935907500533,1.0,0.540075,-0.02009444705975427,-1,2022-09-02 00:00:00+05:30
2022-09-02 00:00:00+05:30,302.5,304.45,294.1,295.6,2893357,-0.019893899204244003,-0.043984476067270295,-0.08454629916382772,-0.1526444030385552,-0.14738967406980086,-0.009472259810554884,-5.769611839824279,-8.000297923709866,-13.057817820368996,0.013092405197800252,0.01731609557682973,1.0,0.5314039,-0.014825184194136433,-1,2022-09-16 00:00:00+05:30
2022-09-07 00:00:00+05:30,292.7,303.2,291.7,302.2,2690548,0.03351573187414503,-0.037579617834394896,-0.04593528018942383,-0.07921998781230954,-0.14801240484916833,-0.006618133686300487,-6.684709980655498,-9.233600110583666,-14.014375995185787,0.014736310160279953,0.01642669102355907,1.0,0.5502207,-0.03690704495872884,-1,2022-09-16 00:00:00+05:30
2022-09-14 00:00:00+05:30,301.0,307.35,300.05,305.25,2500445,0.0060975609756097615,-0.018961915474851265,-0.06494103231735326,-0.08043380027112512,-0.14122942748628498,-0.01900081900081907,-3.0441301519100534,-7.6718311251489695,-13.657345020672096,0.013754690377067565,0.01583730580295256,1.0,0.52150774,-0.019183654280342723,-1,2022-09-15 00:00:00+05:30
2022-09-15 00:00:00+05:30,305.55,307.15,297.05,299.45,2340192,-0.01900081900081907,-0.05640460059870811,-0.08003072196620586,-0.08898691816245818,-0.15109851169383415,-0.027383536483553184,-3.2364238518092066,-7.677138052123212,-13.698968497075327,0.01426137125751979,0.015992726107140646,1.0,0.53046757,-0.02776545383056109,-1,2022-09-16 00:00:00+05:30
2022-09-16 00:00:00+05:30,300.4,300.85,290.0,291.25,2749903,-0.027383536483553184,-0.08267716535433067,-0.09479409479409484,-0.11055122919529692,-0.17632918552036203,-0.0042918454935622075,-4.482706475260443,-8.274776505074499,-14.048042306515867,0.015257286451718578,0.01589683569384494,1.0,0.5409239,-0.02591224015396801,-1,2022-09-23 00:00:00+05:30
2022-09-20 00:00:00+05:30,291.95,301.1,290.3,298.55,2482788,0.02948275862068961,-0.031153658932338013,-0.055520404935147094,-0.09926082365364297,-0.16489510489510484,-0.030815608775749403,-4.867592649790197,-8.613281473107065,-14.367047540851786,0.016273538386723845,0.014893327888317827,1.0,0.5435781,-0.031300394973153595,-1,2022-09-21 00:00:00+05:30
2022-09-21 00:00:00+05:30,297.45,298.45,289.0,289.35,1423489,-0.030815608775749403,-0.05286415711947623,-0.10969230769230764,-0.12265009096422075,-0.2319840743198407,0.0005184033177811909,-5.6566028102863015,-9.089520012483604,-14.685163802779357,0.01750594814691766,0.015365993239373805,1.0,0.5462541,-0.01936726329390557,-1,2022-09-23 00:00:00+05:30
2022-09-23 00:00:00+05:30,289.5,292.65,282.95,283.8,1747197,-0.01968911917098437,-0.0749674054758801,-0.13118016225317608,-0.1583629893238434,-0.2125416204217535,-0.02730796335447494,-7.1182891563101975,-10.124455164505548,-15.40959930420064,0.01790991043095516,0.015269811780911007,1.0,0.5310999,-0.027687755995888626,-1,2022-09-26 00:00:00+05:30
2022-09-26 00:00:00+05:30,283.8,283.8,275.35,276.05,1352658,-0.02730796335447494,-0.09934747145187595,-0.15568129683437826,-0.19354367513876714,-0.2483321987746766,0.01485238181488846,-8.823115773270956,-11.252751612273983,-16.119878557906134,0.01862739208038188,0.015480738547694562,1.0,0.5407177,0.03837742231782644,1,2022-09-29 00:00:00+05:30
2022-09-28 00:00:00+05:30,279.8,287.05,277.5,284.05,1977859,0.013921113689095321,-0.06408566721581543,-0.10096534261750267,-0.17833381544691929,-0.22854426941879413,0.009857419468403572,-8.926411012753817,-11.977996294208936,-16.844423028947006,0.018665499635924322,0.015674060283981186,1.0,0.52568537,0.04978714398986553,1,2022-10-04 00:00:00+05:30
2022-09-30 00:00:00+05:30,286.85,292.35,285.85,290.95,1858560,0.01429318459124973,-0.0353116710875333,-0.05658236057068744,-0.14814814814814825,-0.18763088091581737,0.0027496133356246233,-6.781533605770278,-11.320598813596689,-16.854644533085946,0.017990170542079048,0.01583200328192344,1.0,0.52592885,-0.028234709313514114,-1,2022-10-07 00:00:00+05:30
2022-10-04 00:00:00+05:30,293.0,299.15,293.0,298.55,2244077,0.023307626392459424,0.019637978142076573,-0.04095727593960807,-0.12679145949107917,-0.17664092664092668,-0.024618991793669442,-3.6942716106423745,-9.746997126550639,-16.29831111151134,0.018620238850358233,0.01582506861039876,1.0,0.5349284,-0.024927106670470565,-1,2022-10-06 00:00:00+05:30
2022-10-06 00:00:00+05:30,298.5,298.75,290.5,291.2,2959566,-0.024618991793669442,-0.004103967168262668,-0.07128049752830501,-0.15947467166979368,-0.19713261648745517,-0.028674450549450392,-3.3075807890714373,-9.391207443191377,-16.186287796694558,0.017831969366179087,0.016095401469680505,1.0,0.5370535,-0.029093594533366036,-1,2022-10-07 00:00:00+05:30
2022-10-07 00:00:00+05:30,290.0,290.0,281.8,282.85,4811153,-0.028674450549450392,-0.0640304434149569,-0.11884735202492203,-0.1855744313273826,-0.2257049000821243,-0.019268163337458177,-4.159636142719307,-9.686529704246595,-16.396892666009705,0.01880745676826996,0.016240263478061217,1.0,0.54283905,-0.019456213908433655,-1,2022-10-10 00:00:00+05:30
2022-10-10 00:00:00+05:30,279.5,280.15,276.1,277.4,1970884,-0.019268163337458177,-0.07594936708860767,-0.13690105787181084,-0.20810733656865554,-0.2397917237599343,-0.03118240807498185,-5.47049110879243,-10.308685856979992,-16.788096592741738,0.019018158871695747,0.01632371654435386,1.0,0.53065,-0.03167892843885853,-1,2022-10-11 00:00:00+05:30
2022-10-11 00:00:00+05:30,276.0,276.85,268.05,268.75,2615823,-0.03118240807498185,-0.11054112195929167,-0.16744114002478316,-0.23942266874204055,-0.2575966850828729,-0.0048372093023256735,-7.541449709248468,-11.450324925706411,-17.472927326217132,0.01982259008910817,0.016584855519405802,1.0,0.54675025,-0.02391152237193861,-1,2022-10-13 00:00:00+05:30
2022-10-13 00:00:00+05:30,268.5,268.8,261.25,262.4,4126270,-0.01888203402505151,-0.1351351351351352,-0.1912467252273078,-0.2531663583321475,-0.2706045865184157,-0.004192073170731558,-10.727793530506574,-13.645331803260206,-18.919826133408776,0.019762149839309146,0.01661960763328818,1.0,0.5301757,0.05143619576202877,1,2022-10-27 00:00:00+05:30
2022-10-18 00:00:00+05:30,265.05,267.6,264.45,266.8,1152193,0.01175578308684111,-0.08394849785407721,-0.19735258724428395,-0.22261072261072257,-0.2553725927993301,0.01086956521739113,-11.682644720568135,-15.479680674944916,-20.59772025678012,0.019594262451287862,0.016773800594652808,1.0,0.52422416,0.006165362827109861,1,2022-11-02 00:00:00+05:30
2022-10-25 00:00:00+05:30,270.4,273.8,267.15,272.0,1941410,0.007034431691965937,-0.041578576462297456,-0.1695924286368493,-0.28580806091637134,-0.20409656181419167,0.015625,-7.311240340433983,-14.206162277150895,-21.09930096764316,0.0160490415565312,0.016454240039062422,1.0,0.52178794,0.014236414927242922,1,2022-11-10 00:00:00+05:30
2022-10-31 00:00:00+05:30,274.0,276.55,269.2,269.85,1369705,-0.01008804108584005,-0.04999119873261748,-0.1653263223012681,-0.2837425348374253,-0.16013071895424835,0.0016675931072818173,-5.105213069442527,-12.732671409995476,-20.763823291195934,0.015792353461950834,0.015405821752737435,1.0,0.52323765,0.036030098127382684,1,2022-11-03 00:00:00+05:30
2022-11-03 00:00:00+05:30,267.8,281.25,267.2,279.75,5298720,0.04209349972061838,-0.041131105398457546,-0.09524579560155233,-0.2378422558234573,-0.17196980908687298,-0.020554066130473614,-3.1405776224810324,-11.206731477790811,-20.24547295577719,0.017448029044221085,0.01619042873755599,1.0,0.5680444,-0.020768240803964364,-1,2022-11-04 00:00:00+05:30
2022-11-04 00:00:00+05:30,280.8,281.8,273.15,274.0,2172686,-0.020554066130473614,-0.08223078211354884,-0.11925425908068155,-0.24330295498481092,-0.2195955568214184,0.016058394160583855,-2.6870024333574065,-10.691407241297668,-20.013845193034797,0.01720619863703314,0.016370609225752154,1.0,0.5320118,0.04286370443178231,1,2022-11-14 00:00:00+05:30
2022-11-09 00:00:00+05:30,279.05,283.0,277.1,279.2,2106632,0.00287356321839094,-0.012904366271875634,-0.11082802547770709,-0.17530645399497868,-0.19201273332368696,-0.011819484240687683,-0.8308953086231554,-9.058353617734156,-19.162361710755192,0.015996409200150292,0.016543466102140567,1.0,0.52063036,0.0033968031230759916,1,2022-11-23 00:00:00+05:30
2022-11-11 00:00:00+05:30,278.5,284.4,278.05,281.05,1949030,0.018666183399782765,0.04576744186046522,-0.10408033152693652,-0.15916230366492146,-0.19389072135379315,0.017612524461839474,0.18692322309686915,-7.7474097542252025,-18.36753703702783,0.014910646265038225,0.01668079595272937,1.0,0.5297743,-0.023763494452185882,-1,2022-11-24 00:00:00+05:30
2022-11-14 00:00:00+05:30,281.0,287.8,278.7,286.0,2662219,0.017612524461839474,0.06935875864647612,-0.08757377572180569,-0.12791584082939467,-0.17992831541218635,-0.00751748251748241,1.5018560552102826,-6.621042485920725,-17.68627033023637,0.014368123298988237,0.016632898105419364,1.0,0.5287159,-0.020666636808559107,-1,2022-11-23 00:00:00+05:30
2022-11-22 00:00:00+05:30,284.55,285.0,280.0,282.2,1458767,-0.011385531616745492,0.04306043245241176,-0.08421223430147651,-0.17000000000000004,-0.2359550561797754,-0.007264351523742052,3.1381907537762004,-2.6853049909578885,-14.451796058376374,0.014618492904590443,0.016486092798808118,1.0,0.5239441,-0.027846944422815434,-1,2022-11-24 00:00:00+05:30
2022-11-24 00:00:00+05:30,281.65,284.1,274.05,274.45,2395644,-0.020346243084062077,0.01610514624213244,-0.10588043655318458,-0.1668184578020644,-0.2520779397738111,0.028056112224448926,1.0727842425242784,-3.0241550659379755,-14.135784543491184,0.015519892272248976,0.016682052937931187,1.0,0.5317687,0.03964805011497382,1,2022-12-01 00:00:00+05:30
2022-11-25 00:00:00+05:30,276.0,282.75,275.1,282.15,1972475,0.028056112224448926,0.03731617647058805,-0.08034550195567158,-0.12970388648982112,-0.21154114852591877,-0.0033670033670033517,1.1762270633163894,-2.744430210478015,-13.771630469535637,0.01638000148849982,0.01707500864338516,1.0,0.54167557,-0.030406228368515656,-1,2022-12-06 00:00:00+05:30
2022-12-01 00:00:00+05:30,284.8,286.5,283.0,285.55,1127965,0.009545695598373705,0.056418793932667466,-0.07857373346240715,-0.14531577372044302,-0.21292723263506064,-0.007004027315706485,1.7149032504207185,-1.6304709971308284,-12.298498719135523,0.01575072778037028,0.01633238653260066,1.0,0.5227017,-0.021593759395164867,-1,2022-12-05 00:00:00+05:30
2022-12-05 00:00:00+05:30,284.2,285.3,278.9,279.45,1492167,-0.014459530946922983,-0.0010723860589813006,-0.05463464140730734,-0.1345617838340043,-0.2246115427302996,-0.020576131687242816,1.1118447839275518,-1.5184472335532746,-11.766065652600616,0.012483602130248751,0.015834085553662513,1.0,0.5260993,-0.02079076966907378,-1,2022-12-06 00:00:00+05:30
2022-12-06 00:00:00+05:30,279.4,280.4,272.25,273.7,2383617,-0.020576131687242816,-0.0010948905109489093,-0.06523224043715858,-0.14548860443334377,-0.26166711626652284,0.007489952502740316,-0.16166313207781968,-2.050779730164095,-11.817975195520432,0.012849240974733816,0.016016812941932197,1.0,0.53202397,-0.028160438062989734,-1,2022-12-13 00:00:00+05:30
2022-12-12 00:00:00+05:30,272.9,274.2,269.9,270.7,975963,-0.005693296602387599,-0.0368261875111191,-0.10408737382094979,-0.19709328192199316,-0.2484730705163798,-0.01699298115995551,-2.7465011536971815,-3.5086297727260103,-11.898257642223598,0.01131053364367104,0.01603825363426045,1.0,0.52112997,-0.01713901863661184,-1,2022-12-13 00:00:00+05:30
2022-12-13 00:00:00+05:30,272.0,272.0,265.6,266.1,2463416,-0.01699298115995551,-0.0695804195804195,-0.12337341459397133,-0.21504424778761055,-0.304858934169279,0.020105223600150213,-3.8802253114585596,-4.254252467736535,-12.169786524740971,0.011714854547258905,0.016003969728674364,1.0,0.5282414,-0.015336852735468278,-1,2022-12-20 00:00:00+05:30
2022-12-14 00:00:00+05:30,267.4,274.0,267.0,271.45,4452626,0.020105223600150213,-0.043685044918090665,-0.10530652603823332,-0.18003322760912255,-0.27215444429548197,-0.004236507644133303,-3.8615972588085583,-4.453828686357838,-12.19045925604837,0.012786180946287617,0.015893200829977357,1.0,0.5313066,-0.01990578236781651,-1,2022-12-16 00:00:00+05:30
2022-12-16 00:00:00+05:30,270.4,270.4,265.0,266.1,1190382,-0.015538290788013276,-0.06909218121392335,-0.1113708465520119,-0.18248847926267275,-0.2969616908850726,-0.011461856444945573,-4.5287770980486926,-5.189507798074317,-12.438674258407616,0.012837425172053009,0.015484694606069035,1.0,0.5269149,-0.015336852735468278,-1,2022-12-20 00:00:00+05:30
2022-12-20 00:00:00+05:30,263.6,263.9,259.1,262.05,1660191,-0.0038015586390419687,-0.08197582764056743,-0.0963793103448275,-0.16571155682903538,-0.30194459243473626,0.03491700057240976,-5.90167913000397,-6.406035281112906,-13.017627395581087,0.012822331904424784,0.015066530862478118,1.0,0.5205572,0.03432123081806516,1,2022-12-21 00:00:00+05:30
2022-12-21 00:00:00+05:30,263.0,272.6,262.7,271.2,4912220,0.03491700057240976,-0.03897944720056701,-0.09160944565399443,-0.14204365707054745,-0.25320115654688147,-0.005715339233038352,-4.925192178287261,-6.166629260774869,-12.90224705214797,0.015401012278543584,0.015592186062941096,1.0,0.55374664,-0.015420649280461074,-1,2022-12-23 00:00:00+05:30
2022-12-23 00:00:00+05:30,271.7,277.0,266.1,267.05,6383847,-0.009642128685332763,-0.02696301694297676,-0.07754749568221064,-0.1495222929936305,-0.23874002280501705,-0.006927541658865444,-4.246731593331901,-6.128421313025228,-12.874399347269332,0.013248379780020407,0.015126213620637732,1.0,0.5227626,-0.023682076733281442,-1,2022-12-29 00:00:00+05:30
2022-12-29 00:00:00+05:30,264.0,266.85,260.2,260.8,2886509,-0.011372251705837777,-0.07795651405338522,-0.08185178665727866,-0.17455293559107443,-0.26421215968401746,0.004026073619632031,-4.8945605725196515,-6.938603008422717,-13.313703660143688,0.012929377226443295,0.014874230566560504,1.0,0.52374923,-0.0172101318227883,-1,2023-01-06 00:00:00+05:30
2023-01-06 00:00:00+05:30,260.8,261.45,254.55,256.35,2352217,-0.014796310530361123,-0.06967882416984206,-0.0936892345766307,-0.20140186915887848,-0.29331495520330797,0.0017554125219425565,-5.150813899183845,-7.722629430234349,-13.903802239019171,0.012328290277350535,0.013178906861264807,1.0,0.5261967,-0.01890192129238212,-1,2023-01-11 00:00:00+05:30
2023-01-11 00:00:00+05:30,258.0,258.7,251.0,251.55,2705579,-0.02462194649088778,-0.05467869222096955,-0.059450364554122226,-0.23517786561264808,-0.3019286804495629,-0.00496919101570259,-6.013097533619543,-8.562839562018098,-14.50292181191162,0.011883991266955258,0.013283310651820644,1.0,0.5370171,-0.02658766885274384,-1,2023-01-20 00:00:00+05:30
2023-01-20 00:00:00+05:30,249.15,250.4,244.45,244.95,1225843,-0.0170545746388443,-0.09160022251066191,-0.0887276785714286,-0.24873485661708328,-0.31405768692243075,0.013880383751786018,-7.2196865878856045,-10.525134665131276,-16.245688846279336,0.008191038358032006,0.013033380381673955,1.0,0.5281319,-0.04061789206011195,-1,2023-01-25 00:00:00+05:30
2023-01-23 00:00:00+05:30,245.2,249.6,245.2,248.35,1263514,0.013880383751786018,-0.07002434001123392,-0.08052573121066287,-0.2501509661835749,-0.28778319472325786,-0.008858465874773458,-6.900523482584788,-10.537970599052102,-16.381003445316253,0.00910700191659328,0.013104616547934893,1.0,0.5253932,-0.05440282552888771,-1,2023-01-25 00:00:00+05:30
2023-01-25 00:00:00+05:30,245.95,246.2,234.3,235.2,3603904,-0.04448507007922009,-0.1137905048982667,-0.1485972850678734,-0.27126258714175067,-0.35420098846787484,0.0012755102040817867,-8.270383426921995,-11.566754412926542,-17.16679292558308,0.012915798831141558,0.014213543905152934,1.0,0.575254,0.03714176137444258,1,2023-02-08 00:00:00+05:30
2023-02-01 00:00:00+05:30,237.0,243.95,236.35,239.7,3814127,0.01978302488832151,-0.08997722095671978,-0.10709629353697148,-0.2197265625,-0.3330550918196995,-0.001877346683354153,-9.15439508458303,-13.220205908987964,-18.77490783387873,0.01398532861464354,0.012942345841428976,1.0,0.5310513,-0.027277301712885376,-1,2023-02-03 00:00:00+05:30
2023-02-03 00:00:00+05:30,239.95,240.0,230.25,233.25,1479173,-0.025078369905956133,-0.10580793559516977,-0.14872262773722633,-0.2502410800385728,-0.3646145464451104,0.0334405144694534,-8.755362313047641,-13.419183134375743,-19.26522697132924,0.014692499818564696,0.01319673320802311,1.0,0.5375755,0.0328935411241781,1,2023-02-06 00:00:00+05:30
2023-02-06 00:00:00+05:30,233.0,244.85,231.75,241.05,3621954,0.0334405144694534,-0.07359723289777087,-0.13415948275862055,-0.218385214007782,-0.3591652266383091,-0.013690105787181106,-7.664086275643228,-13.015106237356349,-19.249046586634506,0.016859281367337737,0.013729422430397476,1.0,0.55157375,-0.025631655302806686,-1,2023-02-14 00:00:00+05:30
2023-02-08 00:00:00+05:30,238.5,245.45,235.6,244.1,2197586,0.026708727655099906,-0.049454828660436156,-0.11525915186661828,-0.22087456112352377,-0.37840590781767247,-0.0038918476034411897,-5.8644840962909655,-12.186768466221707,-19.14955397047919,0.01823583861697737,0.014063804412901575,1.0,0.5401356,-0.026568603032766185,-1,2023-02-13 00:00:00+05:30
2023-02-13 00:00:00+05:30,242.95,244.85,237.05,237.7,1676915,-0.019187126057355064,-0.05033959248901332,-0.16258587282015158,-0.24718923198733178,-0.4125061789421651,-0.011569204880100936,-4.408543853044932,-11.068739836978523,-18.87672393000389,0.017788901675956193,0.014139110983123867,1.0,0.5302608,-0.02211914933873722,-1,2023-02-17 00:00:00+05:30
2023-02-16 00:00:00+05:30,238.9,245.5,237.2,242.85,4463420,0.019949601007979822,-0.02606777621816725,-0.15486340699495393,-0.23511811023622053,-0.39724497393894265,-0.042618900555898676,-3.63152836997952,-10.311673871341128,-18.696039323376596,0.018901187278626993,0.014573778376974602,1.0,0.53123367,-0.043553743764342796,-1,2023-02-17 00:00:00+05:30
2023-02-17 00:00:00+05:30,242.7,242.7,232.0,232.5,4081551,-0.042618900555898676,-0.06869617464450228,-0.18549658434051497,-0.26190476190476186,-0.4092237326896201,-0.020645161290322678,-4.371535014684241,-10.541136306586395,-18.853481494989467,0.021049973443781442,0.015307102546897324,1.0,0.5708099,-0.020861251957717167,-1,2023-02-20 00:00:00+05:30
2023-02-20 00:00:00+05:30,232.5,233.7,226.5,227.7,5289644,-0.020645161290322678,-0.0862760834670947,-0.19312544294826361,-0.2610741521986045,-0.43624659569200297,-0.0024154589371979673,-5.506001369078547,-11.053509021618282,-19.166712756913853,0.021188756103446192,0.014938300715546226,1.0,0.53186595,-0.024226098675679958,-1,2023-02-22 00:00:00+05:30
2023-02-22 00:00:00+05:30,227.3,228.0,221.45,222.25,2512629,-0.02157164869029282,-0.10509361787799476,-0.19019857897613401,-0.2759407069555302,-0.4383371240839019,-0.010123734533183382,-7.449835016561764,-12.155539312787084,-19.887897901871355,0.021137724933825836,0.015093747091723198,1.0,0.5329356,0.007173310292960454,1,2023-03-09 00:00:00+05:30
2023-02-24 00:00:00+05:30,220.8,228.1,217.35,226.3,4747013,0.028636363636363793,-0.037840136054421714,-0.19523470839260304,-0.26166394779771607,-0.4159999999999999,0.014582412726469318,-8.139000820127876,-12.882583174835105,-20.503923024660452,0.0203175042642169,0.01557581547029967,1.0,0.54326314,-0.03667865306987305,-1,2023-03-13 00:00:00+05:30
2023-03-02 00:00:00+05:30,225.1,227.15,221.35,223.5,5807866,-0.016068677085626315,-0.06758448060075084,-0.21177922764944457,-0.25895225464190985,-0.43353187175262964,0.009172259507830072,-6.494193532727024,-12.313996934664004,-20.640673528064013,0.02017724585384147,0.015560944435335525,1.0,0.52709746,-0.02422851448400485,-1,2023-03-13 00:00:00+05:30
2023-03-13 00:00:00+05:30,223.25,223.7,216.65,218.15,2406396,-0.025027932960893784,-0.10281719103434095,-0.1941263391207979,-0.2780076121131887,-0.347735087457019,-0.0016044006417602619,-6.0034178833359135,-11.941273002407996,-20.8934857310297,0.017205952120533163,0.015540641073694905,1.0,0.5374541,-0.07543115539591884,-1,2023-03-17 00:00:00+05:30
2023-03-16 00:00:00+05:30,222.0,225.65,221.0,221.85,2654387,0.0027118644067796183,-0.05575654394552032,-0.179245283018868,-0.2732186732186732,-0.33167645729778583,-0.08812260536398464,-5.546995950972928,-11.719500792135563,-20.981195675367672,0.017006641422764177,0.01563023371589653,1.0,0.52003324,-0.09224973365121868,-1,2023-03-17 00:00:00+05:30
2023-03-17 00:00:00+05:30,223.0,223.4,200.0,202.3,43622635,-0.08812260536398464,-0.1503569928601427,-0.23975948891394216,-0.32442811821673057,-0.38454517797383625,-0.002718734552644597,-7.909284713993998,-12.95929645136647,-21.679050891973162,0.02465146894460056,0.018437072747927292,1.0,0.72266406,0.03425574829145247,1,2023-04-03 00:00:00+05:30
2023-03-23 00:00:00+05:30,203.7,207.8,201.05,207.0,6145350,0.01620029455081018,-0.08870790226722436,-0.2323382162061931,-0.28460342146189743,-0.37234687689508794,-0.04009661835748801,-10.339827585419926,-15.34947869395043,-23.516284093318802,0.023633476982931594,0.018738159917460848,1.0,0.52755994,-0.040922643707598,-1,2023-03-24 00:00:00+05:30
2023-03-24 00:00:00+05:30,207.0,207.0,196.65,198.7,6907260,-0.04009661835748801,-0.1059617547806525,-0.2559445796667291,-0.3136442141623489,-0.40633403047505234,0.040010065425264196,-10.975157324934855,-15.9602544168784,-24.013249553407206,0.02500157674742175,0.019309461987254705,1.0,0.56445867,0.05221134290738128,1,2023-04-03 00:00:00+05:30
2023-03-27 00:00:00+05:30,199.05,207.9,198.85,206.65,11575501,0.040010065425264196,-0.06068181818181817,-0.22077677224736048,-0.27184637068358,-0.387158956109134,-0.02008226469876606,-10.103990474988962,-15.789733248807238,-24.12256235620214,0.025914132966373304,0.02012287938452057,1.0,0.56515473,-0.02474100476052791,-1,2023-03-29 00:00:00+05:30
2023-03-29 00:00:00+05:30,202.0,204.0,199.65,201.6,11020214,-0.004444444444444473,-0.12195121951219512,-0.2357846853677028,-0.28038550776369797,-0.4221840068787618,0.02356150793650791,-9.691123463065082,-15.964833989655375,-24.58195760591093,0.025736209714960333,0.020164574132672846,1.0,0.5205207,0.052656452167257894,1,2023-04-05 00:00:00+05:30
2023-04-03 00:00:00+05:30,209.1,211.9,207.0,209.35,3426689,0.014538405621516759,-0.07836231565045126,-0.20049646744319272,-0.2701760502004533,-0.3904498471393216,0.01504657272510146,-7.409636903171446,-14.963506062069143,-24.401585795883193,0.026735749653218642,0.020597085525060302,1.0,0.5260993,0.06607483741370489,1,2023-04-12 00:00:00+05:30
2023-04-06 00:00:00+05:30,212.65,218.45,211.6,215.8,5396768,0.015529411764706014,-0.043227665706051854,-0.18071374335611223,-0.26032562125107106,-0.3569725864123957,-0.0013901760889712955,-4.256601492098952,-13.086980312706828,-23.647838918057005,0.027181329007422053,0.020815694148584262,1.0,0.5269149,0.0728162604563569,1,2023-04-18 00:00:00+05:30
2023-04-12 00:00:00+05:30,217.35,227.0,216.25,223.65,12681754,0.03541666666666665,-0.0008934554389099514,-0.1275599765944998,-0.20929821460137887,-0.35603224877627415,0.002012072434607548,-0.2139631993195792,-9.921066230344849,-22.036696793948664,0.028307333479726183,0.021168793728677904,1.0,0.5553749,0.040741508383948556,1,2023-04-27 00:00:00+05:30
2023-04-18 00:00:00+05:30,223.95,234.3,222.45,232.1,12504374,0.036392051797276226,0.06565656565656552,-0.07732061220433317,-0.1321742381753599,-0.3461971830985916,-0.011632916846186947,3.9119905817962035,-6.000325402361085,-19.63264563924446,0.028580598989665404,0.021695212388366334,1.0,0.55724305,-0.02818318700738113,-1,2023-04-24 00:00:00+05:30
2023-04-24 00:00:00+05:30,228.85,229.9,225.2,225.65,2793727,-0.013982958269608825,0.11846344485749682,-0.09504712251854819,-0.1542353823088456,-0.3425116550116549,0.02326612009749618,5.046096060307065,-2.5307952787250656,-16.747739366561973,0.019886130459061124,0.021699628641646245,1.0,0.5253932,0.057059928058753685,1,2023-05-02 00:00:00+05:30
2023-04-25 00:00:00+05:30,230.7,233.9,226.1,230.9,8767164,0.02326612009749618,0.14818498259572355,-0.07510514720608852,-0.1438635520949202,-0.3167628347388667,-0.0004330879168470414,5.405398103292697,-1.7192061164126358,-16.005745248858375,0.020208434669650017,0.021843036484014772,1.0,0.53531706,0.044884756732177594,1,2023-05-04 00:00:00+05:30
2023-05-02 00:00:00+05:30,233.95,239.9,232.55,238.9,5099831,0.027305955708449847,0.15606097265908536,-0.02945358521226893,-0.12169117647058825,-0.3727189182092687,-0.002720803683549655,6.768716298420799,1.3272741023222068,-12.9626255909659,0.014776262004926675,0.0213467099889307,1.0,0.54103297,0.0303022257204343,1,2023-05-16 00:00:00+05:30
2023-05-08 00:00:00+05:30,243.0,245.0,241.8,244.3,1822973,0.005970763845995597,0.1669453069023168,0.03935332907891942,-0.09618941916389201,-0.3369520966209797,0.007981989357347397,8.677847507868393,4.7021489630796225,-9.438228511677096,0.014146552601612412,0.02100776299954831,1.0,0.52092284,-0.015884810540023213,-1,2023-05-22 00:00:00+05:30
2023-05-19 00:00:00+05:30,245.0,246.65,240.55,241.75,2389591,-0.013466639461334418,0.05383609415867485,0.017038283550694144,-0.14831777347190422,-0.25877663651694005,-0.00537745604963813,6.18941561202999,7.578201645849617,-3.375578446904484,0.010665688352353824,0.01992932082135157,1.0,0.52495486,-0.006224086483001842,-1,2023-06-02 00:00:00+05:30
2023-05-31 00:00:00+05:30,240.55,246.4,240.55,245.2,2814189,0.014690668321953204,0.026370866471326915,0.1145454545454545,-0.13095870990607827,-0.24367674275138806,0.00040783034257763084,2.630631239707782,5.70885005623623,-1.3531128207745269,0.008175838923274373,0.018447698842394458,1.0,0.52595323,-0.020394156211654437,-1,2023-06-02 00:00:00+05:30
2023-06-02 00:00:00+05:30,242.0,242.0,234.0,240.25,7195827,-0.020587036282103566,-0.005175983436852993,0.046385017421602726,-0.14835164835164838,-0.2785285285285285,0.004786680541102983,2.179487756940233,5.369982432256762,-0.9451075815051411,0.008929395201038104,0.01848315424077612,1.0,0.5318538,0.01916991610772012,1,2023-06-16 00:00:00+05:30
2023-06-07 00:00:00+05:30,244.45,247.15,242.95,243.7,2294336,0.0014382576535854064,-0.0103553299492386,0.090380313199105,-0.1405395873743609,-0.2563320109856576,-0.008822322527697879,1.87989553366927,4.939336093375005,-0.41656058299457754,0.008895381696665141,0.018390302735284976,1.0,0.5197529,-0.019056086166881512,-1,2023-06-12 00:00:00+05:30
2023-06-12 00:00:00+05:30,241.5,242.15,238.65,239.1,3072631,-0.008295313148071304,-0.0244798041615667,0.06932021466905192,-0.1329102447869447,-0.24976466896768124,0.00020911752404861872,0.6966221897816354,4.008064978478643,-0.26186042235849527,0.008708949526179262,0.018160543285436297,1.0,0.52132493,0.0035486938399754645,1,2023-06-26 00:00:00+05:30
2023-06-15 00:00:00+05:30,239.0,244.75,239.0,243.5,3481429,0.017338625443910516,-0.007944591566510395,0.11620444648177863,-0.10048023642408566,-0.277769538780958,0.005749486652977476,0.45705964573275537,3.388719694426783,-0.10827172183337552,0.009580842495285685,0.01817716041336391,1.0,0.52814406,-0.0188626174984773,-1,2023-06-22 00:00:00+05:30
2023-06-22 00:00:00+05:30,245.5,245.9,238.5,238.95,2270480,-0.025091799265605896,-0.01666666666666672,0.18438661710037163,-0.09161756320091241,-0.2573426573426574,-0.008579200669596054,0.843767029863244,3.2736536696878034,0.5464160296832858,0.01017684786406875,0.014111508190719827,1.0,0.53848577,0.10536051565782635,1,2023-06-30 00:00:00+05:30
2023-06-27 00:00:00+05:30,240.15,245.4,240.15,243.65,2772073,0.015419879141487902,0.006610204503201711,0.17705314009661843,-0.09642128685332829,-0.25030769230769234,0.005540734660373525,0.16816745415692935,2.5359046175970548,0.46595096216455545,0.011044106783685097,0.011924116698905684,1.0,0.52600193,0.08588207139247839,1,2023-06-30 00:00:00+05:30
2023-06-30 00:00:00+05:30,246.6,267.8,246.0,265.5,18396181,0.083673469387755,0.08278955954322997,0.28478103072828453,0.0011312217194570096,-0.18720342874636453,-0.007532956685499026,3.878550598348596,4.3657274377378315,1.5961776554645724,0.02150772295623994,0.015579974456474055,1.0,0.730953,-0.03001276590776031,-1,2023-07-05 00:00:00+05:30
2023-07-05 00:00:00+05:30,263.1,264.55,256.45,257.65,3783626,-0.01866311178823099,0.06731565865782918,0.24860673612793782,-0.012078220858895872,-0.1845228675423327,0.007180283330099124,7.024930321755079,6.979806364117479,3.554936292614684,0.021588449099409587,0.01573892410986581,1.0,0.52938503,0.034897239267235494,1,2023-07-19 00:00:00+05:30
2023-07-07 00:00:00+05:30,258.45,259.95,253.0,253.95,2992725,-0.021387283236994237,0.04205990972507179,0.19505882352941173,-0.03587699316628701,-0.17655642023346296,0.002953337271116352,6.362073004048256,7.349042256927959,4.25107805822563,0.02215237572729821,0.016053988932980382,1.0,0.5329113,0.04108185443360142,1,2023-07-17 00:00:00+05:30
2023-07-12 00:00:00+05:30,255.0,262.35,254.3,259.15,4526585,0.019472856018882823,0.08385612714345458,0.1997685185185185,-0.004035357417371266,-0.17349704991229475,-0.007717538105344368,5.368920509757288,7.440665424415954,5.010486769827878,0.022279218559860734,0.015637132729107727,1.0,0.53063786,-0.037948129444142095,-1,2023-07-24 00:00:00+05:30
2023-07-14 00:00:00+05:30,258.05,263.4,256.15,262.2,2624910,0.019638343379350554,0.09546688949237514,0.17001338688085665,0.02102803738317749,-0.18419415059116362,0.009153318077803396,5.57405916192954,7.834541985296909,5.671240895910103,0.022508513972458715,0.015112574223198026,1.0,0.53084457,-0.04964865613802612,-1,2023-07-24 00:00:00+05:30
2023-07-19 00:00:00+05:30,266.55,268.2,265.25,266.8,3708586,0.002630590003757982,0.08964672248315297,0.1630340017436791,0.06592089492608877,-0.1776853136076436,-0.0020614692653673217,6.992868347783826,9.166865417010769,7.102105522222388,0.022501506461908415,0.01496705524519087,1.0,0.518278,-0.06704039884989531,-1,2023-07-24 00:00:00+05:30
2023-07-24 00:00:00+05:30,260.0,260.4,248.5,249.5,8242031,-0.054745216897139515,0.04415149612889735,0.1056946598714823,0.0006015640665730793,-0.24939831528279177,-0.01523046092184377,4.143448150186998,8.26051842026638,7.427956174335037,0.025371634957704503,0.016504898249028132,1.0,0.6142783,0.04659288599854802,1,2023-08-07 00:00:00+05:30
2023-07-27 00:00:00+05:30,252.0,258.0,250.6,256.1,4530779,0.026658649027861525,0.05109788631233325,0.09937754883022132,0.045519493774239805,-0.21453764760006133,0.002538071065989689,0.6299653657797819,5.848767514519949,6.640858452686501,0.026168334198552294,0.01671390055592272,1.0,0.54155433,0.0644531016362469,1,2023-08-08 00:00:00+05:30
2023-08-07 00:00:00+05:30,255.9,264.3,253.3,261.4,6179897,0.030960362847564538,0.02933648355975582,0.06152284263959373,0.09052982895285777,-0.14908854166666674,0.04495026778882938,0.8701438255668279,4.442210442415842,6.368776591442952,0.018255503102242998,0.017140958757846443,1.0,0.5496648,0.043969293651605075,1,2023-08-08 00:00:00+05:30
2023-08-08 00:00:00+05:30,264.2,274.0,263.7,273.15,13421010,0.04495026778882938,0.07243816254416946,0.10788886635570871,0.14169278996865198,-0.11659120310478654,-0.01134907559948739,3.2029238681582797,5.569888239234501,6.993653011474066,0.020649578019568165,0.018002215998317476,1.0,0.58380854,-0.04396929365160511,-1,2023-08-10 00:00:00+05:30
2023-08-10 00:00:00+05:30,269.0,269.0,260.55,261.4,6839209,-0.03203110535086107,0.008682230368512345,0.06650346797225626,0.08442231902094988,-0.15239948119325553,-0.019892884468247884,3.9045443921595506,6.148251068269758,7.487506786247991,0.021867228371404424,0.01855699898109733,1.0,0.5514288,-0.026358115066815308,-1,2023-08-14 00:00:00+05:30
2023-08-14 00:00:00+05:30,258.15,263.7,253.3,254.6,6885295,-0.006245120999219367,-0.02898550724637683,0.03390862944162443,0.04301515772224507,-0.1873603574848388,0.010015710919088594,1.6634055325037025,5.032523157860936,7.088419946039522,0.021782329994724188,0.018682417930905627,1.0,0.5193507,0.017713358512409273,1,2023-08-29 00:00:00+05:30
2023-08-22 00:00:00+05:30,259.7,262.2,258.75,260.0,1855647,0.002119868953555537,-0.014964955483993125,0.073714639686145,0.0919781604367913,-0.1807152985662518,0.0013461538461538858,0.90752427733986,4.0034418733970085,6.700818657001804,0.01791459288219716,0.01863587170906579,1.0,0.518217,0.026941489100387617,1,2023-09-05 00:00:00+05:30
2023-08-25 00:00:00+05:30,259.8,260.5,254.1,255.4,1994407,-0.01957773512476002,0.023852475445981236,0.06661098350386307,0.12165129556433918,-0.1711828654875871,0.017619420516836293,0.4882530815362429,3.5081902519681876,6.480400577941879,0.016867340274172197,0.018703200931216104,1.0,0.53052837,0.04479217651747641,1,2023-09-05 00:00:00+05:30
2023-08-30 00:00:00+05:30,260.0,262.0,259.3,260.0,1662468,0.003279953694771409,0.011279657720731251,0.06035889070146827,0.18181818181818188,-0.15254237288135597,-0.0024999999999999467,0.7337795149416024,3.315514120951633,6.360053720931347,0.017294712141127874,0.018615678636270363,1.0,0.5183633,0.03551563296073571,1,2023-09-06 00:00:00+05:30
2023-09-05 00:00:00+05:30,262.0,269.3,261.5,267.1,5013357,0.022001147885976735,0.053441135870637035,0.09759605506472169,0.17587497248514206,-0.13810906744110985,0.008611007113440428,1.9894048302161877,3.7131452687171986,6.52504450454677,0.01631942496739477,0.018744608887886538,1.0,0.5340658,0.03422597177759938,1,2023-09-11 00:00:00+05:30
2023-09-11 00:00:00+05:30,268.35,278.05,266.85,276.4,4969656,0.037537537537537524,0.05738332058148421,0.1560016729401923,0.23613595706618962,-0.05471956224350205,-0.0329232995658465,4.756154625592842,5.566736729814295,7.626916744101152,0.012066792704740361,0.019224004431654774,1.0,0.56449467,-0.03347746874864141,-1,2023-09-12 00:00:00+05:30
2023-09-12 00:00:00+05:30,277.3,277.3,265.55,267.3,5319049,-0.0329232995658465,0.04332552693208447,0.11770855111854495,0.1941031941031941,-0.11548643282594306,0.013280957725402276,4.3728161452269205,5.5733780102107175,7.7131757066815965,0.014477561130424293,0.01974736298763608,1.0,0.55363804,-0.02136389032665668,-1,2023-09-26 00:00:00+05:30
2023-09-14 00:00:00+05:30,272.65,275.4,271.5,274.95,2486100,0.015137529998153765,0.06922029943612684,0.12915811088295692,0.2603713041485216,-0.09002151249379442,0.00654664484451728,5.137693561126639,6.3249645067679126,8.273647749679668,0.014717598906278034,0.019875543012347348,1.0,0.5255758,-0.029340604553574137,-1,2023-09-21 00:00:00+05:30
2023-09-21 00:00:00+05:30,275.0,276.0,266.2,267.0,4855030,-0.022693997071742245,0.026923076923076827,0.08935128518971847,0.31982204646564494,-0.10836533645015856,-0.009925093632958681,4.202395286068054,6.652094520451044,8.926740531940538,0.016158110349819108,0.019827903625249183,1.0,0.53495264,-0.020240925582032793,-1,2023-09-26 00:00:00+05:30
2023-09-26 00:00:00+05:30,264.85,266.0,260.9,261.65,1175241,-0.009276789095039928,0.024471417384494876,0.09043550739737438,0.28448699067255756,-0.12359738737229953,0.011465698452130635,0.8497721905506523,4.799555817749422,8.197476006116915,0.015366413318637613,0.016643915291538462,1.0,0.5207279,0.039529357399148986,1,2023-09-29 00:00:00+05:30
2023-09-28 00:00:00+05:30,265.15,269.75,264.25,266.9,4594900,0.008501794823351672,0.029905460158209607,0.08938775510204078,0.34323100150981367,-0.07806563039723668,0.019857624578493827,0.5246265378944486,4.2585558786879005,7.948520390310648,0.015617784619805867,0.016707197608584943,1.0,0.5203135,-0.02446315221927782,-1,2023-10-09 00:00:00+05:30
2023-09-29 00:00:00+05:30,268.7,274.0,265.1,272.2,2867446,0.019857624578493827,0.046923076923076845,0.025235404896421842,0.3172030002419548,-0.04087385482734329,0.0018368846436442876,1.301957668751868,4.504930318037282,8.079075372013278,0.016114227233354466,0.016701909184393446,1.0,0.5310513,-0.02737346222682993,-1,2023-10-04 00:00:00+05:30
2023-10-04 00:00:00+05:30,271.75,271.75,262.7,264.85,2557186,-0.028786211954528684,0.015529141104294597,0.008760236145496147,0.3137400793650795,-0.05461359985721914,-0.004719652633566218,1.188145638929882,4.295073532113406,8.004541426843787,0.017541356651496705,0.016877155341121216,1.0,0.54535836,-0.016752723799335213,-1,2023-10-09 00:00:00+05:30
2023-10-09 00:00:00+05:30,261.2,263.85,259.65,260.45,1225855,-0.01549801549801555,-0.033221974758723016,0.025595589683008457,0.2256470588235293,-0.10482900842069087,-0.009790746784411608,-0.7668407892606979,2.8217100701949676,7.19891183899523,0.017017816101689516,0.016838522340426796,1.0,0.52580714,-0.022913623842855408,-1,2023-10-13 00:00:00+05:30
2023-10-13 00:00:00+05:30,259.45,259.5,254.0,254.55,2764245,-0.021337946943483344,-0.04769921436588098,-0.010110830254715042,0.13816230717639177,-0.10005303164221324,-0.001374975446867155,-3.3666294585272567,0.2764524415104006,5.523689284499596,0.013230172477163024,0.0168813926520802,1.0,0.5329356,-0.0644992368964395,-1,2023-10-18 00:00:00+05:30
2023-10-18 00:00:00+05:30,251.5,252.0,236.7,238.65,13082442,-0.06375049038838765,-0.1376693766937669,-0.1031567080045096,0.028220594571305435,-0.10768367919237232,-0.013618269432222885,-6.583802117001397,-2.559015330335228,3.5692375780530483,0.018179769033417916,0.01872528173939772,1.0,0.6485554,-0.03279680657529123,-1,2023-10-20 00:00:00+05:30
2023-10-20 00:00:00+05:30,235.5,236.6,230.5,230.95,4771316,-0.01890399320305869,-0.1546486090775988,-0.13258215962441322,0.0063180827886710755,-0.11615001913509382,-0.02035072526520887,-10.610724193170995,-5.929613716202596,1.2828015186055381,0.01802524056526676,0.01751058416646532,1.0,0.5295553,-0.02056065429657884,-1,2023-10-23 00:00:00+05:30
2023-10-23 00:00:00+05:30,231.45,233.4,225.1,226.25,3841041,-0.02035072526520887,-0.15262172284644193,-0.1428300814548209,-0.011361153594057205,-0.14201744406522565,-0.008176795580110419,-12.492219878904848,-7.7173253398038355,-0.0014684457773057602,0.018261423873107672,0.017557668972256475,1.0,0.53135526,-0.019413752641487272,-1,2023-10-30 00:00:00+05:30
2023-10-26 00:00:00+05:30,224.7,226.05,218.0,222.1,3304417,-0.01024955436720143,-0.15903067020068162,-0.09605209605209608,-0.03811173668254664,-0.17649239896180935,0.0027014858171994227,-14.952645316890482,-10.83674653434474,-2.5025285007463083,0.01819946060310459,0.01720500066250816,1.0,0.52121526,0.0220425266435784,1,2023-11-09 00:00:00+05:30
2023-11-01 00:00:00+05:30,221.0,221.6,218.3,218.7,1171523,-0.0043250625995903125,-0.19654665686994854,-0.149358226371062,-0.08455420678108005,-0.19595588235294126,0.01394604481024242,-15.611191020227068,-14.771785063400444,-6.737229067394594,0.01582587915922758,0.017164727413175575,1.0,0.51841205,0.03658807842725076,1,2023-11-08 00:00:00+05:30
2023-11-03 00:00:00+05:30,223.7,228.0,223.0,224.5,3721458,0.012401352874858995,-0.15235038701151604,-0.11247282071555642,-0.07039337474120078,-0.17644900953778442,0.0015590200445434466,-13.685801191856456,-15.19440711578369,-8.138814163145128,0.01682072203332685,0.016851336780177452,1.0,0.52318895,0.04485838077163238,1,2023-11-12 00:00:00+05:30
2023-11-12 00:00:00+05:30,236.0,236.0,230.0,234.8,2128551,0.03254177660510127,-0.09727028066128418,-0.10175975516449876,-0.04202366381068945,-0.15660919540229878,-0.031729131175468606,-6.261739364010339,-12.889806551305384,-9.98064484008816,0.018507067707841905,0.015614252096305476,1.0,0.5536501,-0.03224340768292194,-1,2023-11-13 00:00:00+05:30
2023-11-13 00:00:00+05:30,230.1,231.85,224.35,227.35,8590243,-0.031729131175468606,-0.10685523472795133,-0.11260733801717404,-0.08308126638435165,-0.18570916905444124,0.007697382889817472,-5.8497405665285385,-12.57400065254322,-10.198497717615851,0.019509694604789074,0.016092682624105303,1.0,0.5510181,0.037341124754590546,1,2023-11-22 00:00:00+05:30
2023-11-16 00:00:00+05:30,229.6,234.2,228.25,231.9,4508925,0.012221737232649632,-0.0902314633189486,-0.09819171689675277,-0.055204726013444616,-0.174879914605942,0.0036653730056057654,-4.247885353921021,-11.447499377104947,-10.299643435421046,0.014349714560880038,0.016156747377956325,1.0,0.5229818,0.03703735148763239,1,2023-12-01 00:00:00+05:30
2023-11-22 00:00:00+05:30,234.45,237.5,233.7,236.0,2803434,0.009841677364142098,0.04309392265193379,-0.09230769230769231,-0.0253974809002685,-0.17439216372223199,-0.005720338983050799,-1.007595873341586,-8.583598838064006,-9.766399451700579,0.012614698211779409,0.01612603199554345,1.0,0.5211422,0.026138445745265526,1,2023-12-07 00:00:00+05:30
2023-11-29 00:00:00+05:30,233.2,237.4,233.2,236.75,2307166,0.015658515658515615,0.06692203695358256,-0.0890727202770295,-0.02189630241685603,-0.1549170087453149,0.00654699049630425,0.2052444978929202,-6.466962253254621,-9.132381784656332,0.012597369609759495,0.01613188012782916,1.0,0.52617234,0.0516522584633246,1,2023-12-13 00:00:00+05:30
2023-12-01 00:00:00+05:30,241.0,245.1,240.05,240.65,3020077,0.009861519093579574,0.10036579789666211,-0.07442307692307693,-0.018556280587275653,-0.14708488392698915,0.0,1.5040219957114118,-5.02439443885649,-8.475029892610877,0.012328370677532514,0.016198635667900474,1.0,0.52108127,0.03531339478039381,1,2023-12-13 00:00:00+05:30
2023-12-08 00:00:00+05:30,242.6,243.8,236.9,239.0,2350010,-0.013415892672858587,0.053559620894864546,-0.11284335560504821,-0.0192860073861304,-0.1571151472403457,0.004393305439330586,2.6211183382991976,-2.296181417890409,-6.830570891331206,0.01328815074692284,0.015232529953470488,1.0,0.52361524,0.0421934385980016,1,2023-12-13 00:00:00+05:30
2023-12-13 00:00:00+05:30,239.8,250.0,239.0,249.3,4745442,0.044626021370207436,0.061754684838160046,-0.09804630969609252,0.042659974905897124,-0.0959202175883952,-0.0050140393100681635,3.37115571849057,-0.9067889063929897,-5.820155232324282,0.0126318278598124,0.01563730032232655,1.0,0.58498263,-0.027242994019562556,-1,2023-12-20 00:00:00+05:30
2023-12-18 00:00:00+05:30,251.9,256.8,249.05,254.1,4310027,0.009535160905840279,0.09573091849935311,-0.07583196944899073,0.04353182751540041,-0.06132249722940519,-0.00688705234159781,5.826504687389956,1.6235065339115806,-4.030595010216274,0.012941371851559698,0.015740668763971025,1.0,0.52080095,-0.04631389381616862,-1,2023-12-20 00:00:00+05:30
2023-12-20 00:00:00+05:30,253.75,255.55,241.4,242.6,3532183,-0.03863681394888052,0.03234042553191485,-0.11200585651537331,-0.009189299571165988,-0.10628108307238904,0.012778235779060232,4.835672413838182,2.0550980302985806,-3.359088827758029,0.0160911017132031,0.016215864434937496,1.0,0.56767297,0.04098686139063111,1,2023-12-27 00:00:00+05:30
2023-12-26 00:00:00+05:30,248.0,252.0,247.75,250.65,3586164,0.017661388550548107,0.06818666098444481,-0.05182523170039721,0.048964218455743946,-0.047139327124120944,0.00837821663674454,4.14395048177596,2.566717943868639,-2.4655506689054505,0.0164256808003907,0.016386533573003414,1.0,0.52836305,0.06019036225149881,1,2024-01-02 00:00:00+05:30
2023-12-28 00:00:00+05:30,253.05,253.3,245.0,247.35,7352066,-0.02136498516320473,0.06113256113256105,-0.05465316262182296,0.030839758282975582,-0.0879424778761062,0.009298564786739405,4.009140672583868,3.018894312924033,-1.794851193665238,0.01689501950924362,0.01636983120077624,1.0,0.53298426,0.07344356828729362,1,2024-01-02 00:00:00+05:30
2024-01-01 00:00:00+05:30,249.8,259.65,249.65,255.55,7038993,0.02363308632084915,0.07238774653797742,-0.04252529037092534,0.04306122448979588,-0.04306309679835241,0.041674819017804676,4.541761211640761,3.7169085291928354,-1.0047952665044875,0.017528456345481,0.01633261270160353,1.0,0.53672576,0.040829820746722624,1,2024-01-02 00:00:00+05:30
2024-01-02 00:00:00+05:30,257.6,267.7,255.85,266.2,17494142,0.041674819017804676,0.10617078745065434,-0.02204261572373256,0.0026365348399246535,0.0037707390648566985,0.06066867017280253,6.455940986407597,4.9889356840340895,-0.11542326923145652,0.01950000924060894,0.01720273489462293,1.0,0.576232,0.05889953015783457,1,2024-01-03 00:00:00+05:30
2024-01-03 00:00:00+05:30,267.95,284.5,265.6,282.35,28706243,0.06066867017280253,0.17328069810928737,0.035386872020535476,0.0715370018975332,0.06386586284853069,0.004427129449265044,10.00775956326018,7.282361135927204,1.3487636176932654,0.023107827305905826,0.018883290142216905,1.0,0.6382493,-0.029289668990631762,-1,2024-01-12 00:00:00+05:30
2024-01-05 00:00:00+05:30,285.35,294.5,278.7,291.3,12166860,0.027150916784203005,0.21173044925124795,0.10508345978755695,0.13060353192315177,0.11694785276073616,-0.03690353587366979,15.239662889561203,11.525898399414388,4.332417118301208,0.023073415226201655,0.01898327698624251,1.0,0.54236645,-0.03760170176840795,-1,2024-01-08 00:00:00+05:30
2024-01-08 00:00:00+05:30,293.2,293.2,280.0,280.55,7064064,-0.03690353587366979,0.1581011351909185,0.06048006048006038,0.0811175337186898,0.07141493221309902,0.002316877561931774,15.365061590258392,12.541650329119449,5.358382053789455,0.02483246742783553,0.019638139632523664,1.0,0.56324583,-0.02289419506876712,-1,2024-01-12 00:00:00+05:30
2024-01-12 00:00:00+05:30,283.45,283.65,269.1,274.2,5430166,-0.028004253810705593,0.09987966305655838,0.05420991926182217,0.05807447424271661,0.05380476556495006,0.02516411378555805,12.92249852988931,14.408018915651155,8.485629130006686,0.02435448489189621,0.019750208809785605,1.0,0.5440384,0.04771285871867782,1,2024-01-16 00:00:00+05:30
2024-01-15 00:00:00+05:30,275.7,283.0,273.8,281.1,4445241,0.02516411378555805,0.13323926627696037,0.10430170889805535,0.09313630176939558,0.09654768870684616,0.02312344361437213,12.485340641391474,14.691714073432308,9.157173423182428,0.02467694209515535,0.018039931277234886,1.0,0.53895897,-0.025764869928061623,-1,2024-01-20 00:00:00+05:30
2024-01-16 00:00:00+05:30,282.25,288.7,276.3,287.6,13568999,0.02312344361437213,0.1426301152165277,0.1313926042486233,0.09687261632341748,0.1199376947040498,-0.027468706536856846,12.875012718663868,15.360667530745559,10.023486840773785,0.02496974436296596,0.018093538089829615,1.0,0.535645,-0.027853025638977687,-1,2024-01-17 00:00:00+05:30
2024-01-17 00:00:00+05:30,286.25,289.25,278.2,279.7,6926246,-0.027468706536856846,0.10074773711137341,0.09729305610043149,0.057067271352985616,0.08452888716556806,0.002145155523775477,11.801400067846942,15.24610512652339,10.492090110827917,0.025955427164857606,0.01830585308197877,1.0,0.54305714,-0.06346651817623555,-1,2024-01-23 00:00:00+05:30
2024-01-20 00:00:00+05:30,277.0,278.75,271.5,273.95,2287845,-0.00778703368344813,0.11497761497761494,0.18618748646893257,0.028920187793427088,0.08688752231700048,-0.04179594816572363,7.981098468546463,13.962894838881937,11.266277870520895,0.024491404788701248,0.018108593046319184,1.0,0.5198504,-0.04269452595274625,-1,2024-01-23 00:00:00+05:30
2024-01-23 00:00:00+05:30,274.6,276.45,261.45,262.5,5447314,-0.04179594816572363,0.06577344701583421,0.16022099447513805,-0.005493464671339265,0.04811339588740271,0.007619047619047636,5.1391794781820295,12.458541160224513,10.892906459853037,0.02648022313264571,0.01903607954879363,1.0,0.5756715,0.04542851106954961,1,2024-02-02 00:00:00+05:30
2024-01-25 00:00:00+05:30,266.3,266.4,257.0,258.7,3864418,-0.02192816635160688,0.023541048466864556,0.164790634849167,0.05291005291005302,0.03625075105147202,0.005411673753382473,1.098218895102093,9.781270817903646,10.115582488543794,0.026499238685804512,0.019225032411077862,1.0,0.53379846,0.060010503909244735,1,2024-02-02 00:00:00+05:30
2024-01-31 00:00:00+05:30,261.15,270.35,260.0,268.4,4943291,0.03230769230769215,0.05028370181960473,0.22194400182107876,0.045374878286270626,0.08073283672236764,0.005774962742175926,-0.8067188894092965,7.206941778210307,9.2557544658886,0.025294163621119553,0.01949343601820534,1.0,0.55268455,0.0587819502995641,1,2024-02-05 00:00:00+05:30
2024-02-02 00:00:00+05:30,272.0,280.8,270.6,274.7,5660639,0.017595851083533898,-0.027094032229502463,0.23878241262683186,0.07388584831899903,0.1679421768707483,0.036221332362577296,0.8858003691427712,7.230477254812797,9.454282200860462,0.021485980119779088,0.019582403218637624,1.0,0.52818054,0.08325782989177326,1,2024-02-06 00:00:00+05:30
2024-02-05 00:00:00+05:30,275.95,289.5,275.35,284.65,10372100,0.036221332362577296,0.0037023977433001676,0.2679287305122493,0.12532120972524208,0.20870488322717606,0.04883189882311623,3.073684409854195,8.121143377296391,10.013331028668347,0.0222034786371,0.020030182608948986,1.0,0.5613711,0.04767706759591065,1,2024-02-06 00:00:00+05:30
2024-02-06 00:00:00+05:30,286.4,307.1,286.0,298.55,23649986,0.04883189882311623,0.024888431170614567,0.3277740716032911,0.17285405617756822,0.2788605697151425,-0.027801038352034846,6.561482600588079,9.903898530767947,11.070983472835678,0.02314668251594147,0.020844229867476756,1.0,0.5958806,-0.028194802415000563,-1,2024-02-07 00:00:00+05:30
2024-02-07 00:00:00+05:30,304.0,304.0,284.35,290.25,11567515,-0.027801038352034846,0.034574942078061,0.28799644996671847,0.14474462630644847,0.2348436502871729,-0.019121447028423777,7.7601029486139055,10.727460102285761,11.698319466019484,0.02417551292123508,0.02126166795145817,1.0,0.5436387,-0.05980669628815183,-1,2024-02-09 00:00:00+05:30
2024-02-09 00:00:00+05:30,280.95,291.05,271.5,273.4,16961839,-0.039690902704601405,-0.028601883105347392,0.20414005725611073,0.0009152480322167644,0.14273772204806678,-0.024506217995610813,5.896849984367918,10.211220675664094,11.885407580515789,0.026235962059155852,0.021392168234745573,1.0,0.5697569,-0.024811493101880584,-1,2024-02-12 00:00:00+05:30
2024-02-12 00:00:00+05:30,275.1,280.5,264.6,266.7,6238533,-0.024506217995610813,-0.05459057071960305,0.1728232189973613,-0.012405110164784405,0.14340836012861735,0.0018747656542932312,3.5556779279133934,9.02508458363576,11.461389865210379,0.026059201796779938,0.021682069822472155,1.0,0.5377576,0.07283499985991163,1,2024-02-16 00:00:00+05:30
2024-02-15 00:00:00+05:30,273.7,278.0,272.5,274.3,4257799,0.009569377990430672,-0.04624478442280955,0.19729375818419914,0.07737627651217593,0.12371978697255237,0.04575282537367853,1.2285535001618655,7.17108716561404,10.807140328674166,0.02446470664970226,0.02172393922061316,1.0,0.52098376,0.05927267577418692,1,2024-02-19 00:00:00+05:30
2024-02-16 00:00:00+05:30,276.0,290.0,275.55,286.85,12781234,0.04575282537367853,0.025563103324991232,0.2369555843035791,0.11549679175578476,0.17972444992802794,0.01464179884957284,2.9392655373948173,7.8481062185773,11.219828959240203,0.02658230377258573,0.022388834023634407,1.0,0.58621496,-0.045831324659809936,-1,2024-02-21 00:00:00+05:30
2024-02-20 00:00:00+05:30,286.75,289.6,280.0,281.2,10218574,-0.03384298230544591,0.01847156827236507,0.19659574468085106,0.08907823392718828,0.1830037862852334,-0.02560455192034139,4.489813191500502,8.633658267292105,11.83581122585781,0.027614885456075416,0.022909711230384572,1.0,0.55565226,-0.02593805354843961,-1,2024-02-21 00:00:00+05:30
2024-02-21 00:00:00+05:30,281.5,283.8,272.65,274.0,5852991,-0.02560455192034139,0.00018251505749233843,0.17244330338040226,0.05608016958951634,0.16620557565439453,-0.011678832116788329,3.2295440988900737,7.97771147937533,11.60889471111949,0.026487938559463735,0.02321123159235793,1.0,0.5395898,0.021482909406831965,1,2024-03-05 00:00:00+05:30
2024-03-02 00:00:00+05:30,275.5,279.5,274.35,276.95,336360,0.011135450894486976,0.008190753549326635,0.1508414710159982,0.06786196259880461,0.22381794078656636,0.007040982126737649,0.289589654222425,4.67163199554426,9.961172493119705,0.02446369678359349,0.023407774233729153,1.0,0.5220925,-0.024119568651098877,-1,2024-03-12 00:00:00+05:30
2024-03-07 00:00:00+05:30,276.0,285.2,276.0,281.9,9041425,0.02695810564663015,-0.009834913944502977,0.1794979079497907,0.04639940608760207,0.26129753914988796,-0.009577864490954213,1.5541801753829532,4.785340563865532,9.881362643198315,0.019744028025527022,0.023042860957297535,1.0,0.5418937,-0.04183498229205283,-1,2024-03-12 00:00:00+05:30
2024-03-12 00:00:00+05:30,279.3,281.65,270.0,270.35,3628757,-0.03169770773638958,0.013685789276340676,0.13283050492352833,0.014827327327327389,0.19412544169611312,-0.06473090438320706,0.4422281181089147,4.061800778088809,9.453880990159973,0.02044987440672105,0.0234247837013002,1.0,0.5510785,-0.06692098830202192,-1,2024-03-13 00:00:00+05:30
2024-03-13 00:00:00+05:30,271.0,273.45,250.4,252.85,7078060,-0.06473090438320706,-0.053705089820359264,0.014239871640593593,-0.0852026049204051,0.1308139534883721,0.05754399841803437,-2.923666340868806,2.0948704467952552,8.378358009660644,0.024759364286043067,0.024906182883618996,1.0,0.65076697,0.05594923714185074,1,2024-03-14 00:00:00+05:30
2024-03-14 00:00:00+05:30,252.5,273.45,249.9,267.4,6106792,0.05754399841803437,-0.01582627898417377,0.0780084660350735,0.0003741114852224836,0.19454992182264896,-0.05890052356020936,-3.210841196566264,1.5380092639031204,7.960198494006363,0.028161399248650337,0.025961080860322477,1.0,0.6235832,-0.06070643144547373,-1,2024-03-15 00:00:00+05:30
2024-03-15 00:00:00+05:30,262.0,262.6,250.25,251.65,10073254,-0.05890052356020936,-0.08257382427998539,-0.00019864918553824662,-0.07088794535720888,0.12469273743016762,-0.003973773097556088,-5.599249138704181,-0.1507532462944141,6.935730962741843,0.028754084697503703,0.026613007184562894,1.0,0.62735784,0.06927099692331512,1,2024-04-01 00:00:00+05:30
2024-03-26 00:00:00+05:30,254.2,258.95,251.0,257.7,7271365,0.02180808881839802,-0.05621681010803892,0.028126870137642035,-0.025156043124645477,0.2773234200743493,-0.004268529297632773,-8.601194558334612,-5.968423712261426,1.995948417225975,0.028343454845888006,0.026632888549186492,1.0,0.53368914,0.05620940160411291,1,2024-04-03 00:00:00+05:30
2024-03-28 00:00:00+05:30,260.0,266.75,259.2,264.15,7744310,0.02942322681215881,-0.04189336235038088,0.06791995148574892,0.009554748710108862,0.29675994108983805,0.021010789324247714,-5.783843393958648,-5.404745946137552,1.555350359040176,0.028900337238190382,0.0261940692522854,1.0,0.5461815,0.004155653883767829,1,2024-04-15 00:00:00+05:30
2024-04-03 00:00:00+05:30,271.95,274.95,269.75,272.6,3164455,0.009442695797074574,-0.0047462577583058385,0.02404207362885069,0.0014695077149156077,0.3191386402129204,-0.008620689655172487,-0.2103716826326263,-2.667551691216829,2.1464649101898203,0.028834945290861308,0.02488644259511089,1.0,0.52115434,-0.02733274176833977,-1,2024-04-15 00:00:00+05:30
2024-04-10 00:00:00+05:30,272.8,283.2,272.0,278.3,14611970,0.025801695539992675,-0.01277048598793884,-0.010312944523470757,0.06853522749088126,0.3096470588235294,-0.015450952209845492,3.517718133631149,0.5989474122011416,3.204169836059293,0.02854283762254047,0.024475703016717327,1.0,0.5397111,-0.04802689103775261,-1,2024-04-15 00:00:00+05:30
2024-04-15 00:00:00+05:30,271.75,271.75,262.1,265.25,4071926,-0.03193430656934304,-0.01886443499167756,-0.0597305919886566,0.03049728049728051,0.23085846867749416,-0.005655042412818112,2.422687721213947,0.7125679632889046,3.20632678270033,0.024494908651537223,0.024490244598992964,1.0,0.5511027,0.05465239651720099,1,2024-04-23 00:00:00+05:30
2024-04-22 00:00:00+05:30,264.4,272.5,262.15,271.15,8601670,0.0363080450984139,0.08178735288250527,-0.030568466213800494,0.06375049038838743,0.2107613306541638,0.03319196016964776,0.5047637941593166,0.10904147126683483,2.6962223957626748,0.017476492697222904,0.02482491106761173,1.0,0.5606616,0.06582848722449176,1,2024-04-24 00:00:00+05:30
2024-04-23 00:00:00+05:30,275.0,281.0,271.3,280.15,10392195,0.03319196016964776,0.13997965412004065,-0.0005351409204424895,0.17389482505761555,0.20702283498492013,0.033731929323576715,2.206274439538788,1.0744584576349894,3.1461445684060436,0.018570094670846624,0.02456448713137473,1.0,0.55362594,0.0895662638551428,1,2024-04-26 00:00:00+05:30
2024-04-24 00:00:00+05:30,284.1,295.0,281.4,289.6,24783743,0.033731929323576715,0.17318209438930543,0.04889532777978989,0.2302463891248938,0.26242371403661724,0.007078729281767782,4.728577177974103,2.612419011727411,3.9340346715492274,0.019544467343422103,0.02490580081469515,1.0,0.5546635,0.056390777354874744,1,2024-04-26 00:00:00+05:30
2024-04-26 00:00:00+05:30,292.0,313.4,292.0,306.4,45364974,0.05057431853248762,0.21490880253766842,0.16723809523809519,0.35425414364640884,0.3388682543150534,-0.0008159268929504027,10.158796983033312,6.39708286607771,6.057671248043448,0.02155488274764202,0.0254897788062957,1.0,0.59892225,-0.02595401487343466,-1,2024-04-30 00:00:00+05:30
2024-04-30 00:00:00+05:30,306.9,307.0,297.35,298.55,5854305,-0.02482443246774446,0.16348402182385025,0.15403942790877467,0.34421431787483114,0.2929839757470767,0.041366605258750466,12.68254815804687,9.334541159767468,8.045714626559061,0.022167872179988644,0.025446314877423666,1.0,0.53825516,0.04374520062075599,1,2024-05-15 00:00:00+05:30
2024-05-02 00:00:00+05:30,300.0,313.05,296.5,310.9,15169926,0.041366605258750466,0.17698277493848202,0.19530949634755834,0.39604849573417145,0.34705372616984387,-0.01833386941138626,14.424059031906665,11.09218162752768,9.255970268936778,0.02331310804771084,0.02594354953079165,1.0,0.5723643,-0.033690839745833895,-1,2024-05-06 00:00:00+05:30
2024-05-06 00:00:00+05:30,307.45,309.0,299.2,300.6,5949489,-0.01507208387942327,0.11312719866691356,0.11997019374068563,0.3685408604598226,0.29262524188346606,-0.018463073852295397,13.817401973825781,12.520329733376286,10.737414132690446,0.024445340708842595,0.025708540682094397,1.0,0.5257706,0.013054799963619473,1,2024-05-18 00:00:00+05:30
2024-05-08 00:00:00+05:30,296.0,308.0,296.0,307.0,9296466,0.040501609896627544,0.13598519888991678,0.11758281761922107,0.3844419391206313,0.2885624344176285,-0.027198697068403943,12.559631772026137,13.155337783000505,11.822652850849352,0.0260807209765674,0.025317015021381617,1.0,0.57006806,-0.0275754284088822,-1,2024-05-09 00:00:00+05:30
2024-05-09 00:00:00+05:30,308.05,312.3,297.0,298.65,9996765,-0.027198697068403943,0.10223288429599564,0.04918320744774274,0.3302895322939865,0.23664596273291916,0.017913946090741817,11.391671543873827,13.090547906695292,12.174762937526395,0.02712410255882075,0.025448314711237603,1.0,0.5421604,0.054886362802953004,1,2024-05-23 00:00:00+05:30
2024-05-14 00:00:00+05:30,302.95,312.9,301.65,310.9,7379389,0.030664677606497603,0.11713977721882851,0.09202669476642078,0.37050914701344495,0.2625380710659897,0.0032164683177871023,10.99241018717521,14.036673376132114,13.763376267056515,0.027009561284275844,0.025023094372979962,1.0,0.5480205,0.021793593004855356,1,2024-05-28 00:00:00+05:30
2024-05-18 00:00:00+05:30,308.25,310.45,302.8,304.55,1158358,-0.0042504495667811115,0.1397829341317367,0.12090541037909475,0.33956454805366176,0.22827182899778187,0.010014775898867123,8.927312804702694,14.133850557951632,15.281967724948345,0.025402886471048554,0.02438884665047839,1.0,0.5190338,0.047765489765858524,1,2024-05-24 00:00:00+05:30
2024-05-23 00:00:00+05:30,309.95,317.3,306.5,315.5,10367039,0.024516967040103976,0.12618240228449062,0.08400618450438069,0.3555316863587541,0.287492348500306,0.012519809825673578,8.865476570023418,14.40971541844317,16.367785539919794,0.02322441215390582,0.023809043378513504,1.0,0.5373449,-0.081179116480112,-1,2024-06-04 00:00:00+05:30
2024-05-29 00:00:00+05:30,315.5,324.8,311.1,323.6,8347446,0.01841070023603475,0.05699820349501894,0.18513092840139178,0.3790752184103985,0.33168724279835393,-0.039400494437577205,10.393036746270752,15.88257153757064,18.40001867354971,0.020328334545751624,0.02386907878195989,1.0,0.5290931,-0.04019770446899003,-1,2024-05-30 00:00:00+05:30
2024-05-30 00:00:00+05:30,324.15,325.8,308.55,310.85,9357893,-0.039400494437577205,0.04119912912409984,0.1388532698296392,0.3207988102825581,0.2960183447988327,-0.005147177095061961,8.91741628159889,15.302039493647555,18.427062609176232,0.020583760975979932,0.024386977899124907,1.0,0.58037585,-0.06633091521419071,-1,2024-06-04 00:00:00+05:30
2024-06-04 00:00:00+05:30,310.0,310.0,269.55,290.9,17873006,-0.06055223639593088,-0.03226879574184982,0.05207956600361663,0.22073017205203516,0.2038071591144215,0.04932966655207993,2.7950421102660243,11.959034569279368,17.46920766557639,0.023883126234787652,0.025631372286313705,1.0,0.63530165,0.1344118917740652,1,2024-06-06 00:00:00+05:30
2024-06-05 00:00:00+05:30,294.8,307.35,288.9,305.25,8516880,0.04932966655207993,0.03457041179461107,0.1144578313253013,0.26843964263453146,0.2449021207177815,0.09009009009009006,2.229864250139485,11.282872277992169,17.256088990957096,0.024745514202087593,0.02637799391744005,1.0,0.5945277,0.08626034428440693,1,2024-06-06 00:00:00+05:30
2024-06-06 00:00:00+05:30,308.05,335.75,306.8,332.75,17874585,0.09009009009009006,0.08387622149837126,0.20148041162664754,0.382713484313318,0.3565022421524664,0.00976709241172058,5.69691717244649,12.769275754019304,18.138107468708597,0.031052850524506483,0.028581688299660703,1.0,0.74857295,0.03817988965235781,1,2024-06-21 00:00:00+05:30
2024-06-11 00:00:00+05:30,342.2,349.45,337.4,344.45,7100803,0.013386290085319219,0.14188629206033498,0.2548269581056466,0.42187822497420013,0.4154509965070885,-0.016112643344462274,13.170408406112756,17.177346603369017,21.090481558751833,0.030330876677281765,0.02804029602101724,1.0,0.5370778,-0.047868829402223166,-1,2024-06-18 00:00:00+05:30
2024-06-14 00:00:00+05:30,338.15,339.7,334.15,334.8,5033189,-0.009906846074227316,0.09501226492232218,0.2383946735712965,0.4028912633563797,0.3886354209871423,-0.01926523297491034,13.067390834517425,18.528475861662912,22.819895858983898,0.030409221923359736,0.02450247849306609,1.0,0.5216661,0.06602151593907252,1,2024-07-01 00:00:00+05:30
2024-06-20 00:00:00+05:30,332.25,344.3,332.0,342.8,8166456,0.031753197893152674,0.11443433029908978,0.36220941784224125,0.3619388160508543,0.4322122414873617,0.008459743290548438,11.319326110112229,18.32470169841656,23.67716898403637,0.03144073735592524,0.024719976039826275,1.0,0.5501724,0.052561451429969805,1,2024-07-04 00:00:00+05:30
2024-06-26 00:00:00+05:30,338.1,353.95,336.5,352.15,7782868,0.038025055268975594,0.11811398634703929,0.4159630076397265,0.4332519332519331,0.43734693877551,-0.017038193951441127,12.176856271152815,19.580504826867354,25.59449921116493,0.03202622952653875,0.025086013687794177,1.0,0.5637983,0.0157771972451409,1,2024-07-10 00:00:00+05:30
2024-07-01 00:00:00+05:30,352.6,359.4,348.25,357.65,9143802,0.01865565365992583,0.1505549300305613,0.3938035853468431,0.4150346191889218,0.5097087378640774,-0.002656228156018403,13.089295014766606,20.677578675890857,27.13134937464622,0.03065142310323046,0.02505673215679816,1.0,0.52938503,0.004185273966417864,1,2024-07-15 00:00:00+05:30
2024-07-05 00:00:00+05:30,361.0,371.4,360.1,370.2,7658844,0.024633268751729887,0.21277641277641268,0.3580337490829053,0.3906836964688205,0.39435028248587556,-0.009589411129119374,15.364395245031119,23.03386533698955,29.7777584292009,0.01625811743404112,0.025155903096107934,1.0,0.5374784,-0.03420898170283683,-1,2024-07-10 00:00:00+05:30
2024-07-10 00:00:00+05:30,366.5,366.5,350.7,357.75,4383222,-0.01446280991735538,0.05251544571932931,0.30661066471877274,0.22811534500514918,0.38851154667184185,-0.008944793850454213,13.09614891285861,22.80656998887565,30.837094782000577,0.017059014701768172,0.025077786944197256,1.0,0.5252227,-0.04152105082275314,-1,2024-07-18 00:00:00+05:30
2024-07-15 00:00:00+05:30,352.0,361.5,350.75,359.15,4074238,0.023948681397006455,0.06210261718172405,0.31076642335766413,0.27607034997335234,0.4100903023164506,-0.016010023666991557,8.84851385012314,20.482252525888896,30.539323814558827,0.01739608284262716,0.02482562740994523,1.0,0.54437757,-0.04542676090700339,-1,2024-07-18 00:00:00+05:30
2024-07-18 00:00:00+05:30,353.4,353.4,340.95,343.2,3890681,-0.028862478777589073,0.045226130653266194,0.3012322274881516,0.25164113785557984,0.32432953887709837,-0.023310023310023298,5.0732258466765074,18.000571322063763,29.6711394816528,0.01854020869719124,0.02479556014111547,1.0,0.557761,-0.023585999005879228,-1,2024-07-19 00:00:00+05:30
2024-07-19 00:00:00+05:30,343.3,344.2,334.05,335.2,3570488,-0.023310023310023298,0.0088788562829194,0.2544910179640718,0.19245819992885083,0.3035193466848143,0.0004474940334129318,2.0572783553871545,15.934318966812725,28.71782542745325,0.01793422454019165,0.024750011183736768,1.0,0.54211193,0.07650239270420883,1,2024-07-25 00:00:00+05:30
2024-07-24 00:00:00+05:30,337.7,349.1,336.2,348.0,3384480,0.032487761459724096,0.016949152542372836,0.24219168302694993,0.24152693542632897,0.30777903043968413,0.03979885057471266,-0.7829218722682185,12.182901695557632,26.676651434622443,0.019085664304940072,0.023928144611324875,1.0,0.56451863,0.05723823185491696,1,2024-07-26 00:00:00+05:30
2024-07-25 00:00:00+05:30,346.1,363.9,342.35,361.85,6420578,0.03979885057471266,0.06661753868828302,0.24948204419889497,0.3105758783049619,0.35625937031484267,0.01837778084841779,1.6618839997573787,12.794581058754545,26.89076284641402,0.019267842341388966,0.024405289758283624,1.0,0.58082765,-0.06110836461291775,-1,2024-08-05 00:00:00+05:30
2024-07-30 00:00:00+05:30,361.9,364.55,358.4,359.45,1660024,-0.0066325825618350764,0.023782398177157438,0.17409766454352438,0.35897920604914924,0.4406813627254509,0.008067881485603001,5.41125738142739,13.95609954429301,27.372070167329525,0.01914189789939363,0.02372609214118993,1.0,0.51999664,-0.054453688730661524,-1,2024-08-05 00:00:00+05:30
2024-08-05 00:00:00+05:30,344.05,352.85,333.7,340.4,5620180,-0.044088739118225306,-0.057846664821478044,0.13240186294078504,0.2682563338301043,0.32580331061343704,-0.017332549941245556,1.8243923299316975,11.456226734683298,25.96368525544358,0.0209267433173449,0.023616901504279666,1.0,0.57963836,-0.03817543121371322,-1,2024-08-14 00:00:00+05:30
2024-08-07 00:00:00+05:30,342.0,348.05,335.3,346.85,3645534,0.0369207772795217,-0.0540024546570298,0.1298045602605864,0.2626501638150711,0.3559421422986708,-0.02219979818365303,-1.1848295581169168,8.869366950953406,24.328092429178582,0.02297371123140092,0.02405606971076672,1.0,0.56127495,-0.02895785843908444,-1,2024-08-09 00:00:00+05:30
2024-08-09 00:00:00+05:30,339.15,345.0,332.65,336.95,10005232,-0.006486805248415162,-0.058141160027952554,0.10838815789473677,0.1286216714118238,0.3237085052052642,0.0026710194390859865,-3.5690240106122815,6.403943280738531,22.60252921228954,0.023227720515281717,0.02400167703927035,1.0,0.53102696,-0.027988585906720174,-1,2024-08-14 00:00:00+05:30
2024-08-14 00:00:00+05:30,337.6,338.0,323.35,327.65,3713151,-0.028033224562444503,-0.08770708617569256,0.05049695415197175,0.1984272128749085,0.19952407102324732,0.040592095223561664,-6.293967573786574,2.907982305060841,19.84993726530979,0.022895649392752737,0.024143571584921253,1.0,0.552588,0.051018573304032186,1,2024-08-19 00:00:00+05:30
2024-08-16 00:00:00+05:30,330.0,342.0,328.1,340.95,3040369,0.040592095223561664,-0.03522920203735136,0.11512673753066216,0.27840269966254216,0.2625439733382706,0.011291978295937977,-5.440790615582671,2.609747622993268,19.306575406006687,0.024086921602403732,0.0246438151733073,1.0,0.5757669,0.05186506226537541,1,2024-08-30 00:00:00+05:30
2024-08-21 00:00:00+05:30,346.65,356.45,345.55,355.0,3548478,0.023792357606344572,0.05859549724168778,0.15409622886866048,0.2942034269048486,0.394344069128044,0.004225352112676051,-0.81669703042229,3.5624241527729623,18.69363151716385,0.024077482203767965,0.024628684001066405,1.0,0.5363736,0.06647326802549791,1,2024-09-04 00:00:00+05:30
2024-08-30 00:00:00+05:30,355.55,362.95,355.55,359.1,2738006,0.010268673512449089,-0.008969228646336425,0.15521955927296127,0.31562557244916656,0.37850287907869484,0.01197438039543286,4.088954523098437,6.180826741678459,18.421972500852974,0.020247095071930257,0.022475249288490862,1.0,0.5286673,0.054990156268876524,1,2024-09-04 00:00:00+05:30
2024-09-04 00:00:00+05:30,359.95,383.2,355.25,379.4,12159916,0.04835589941972929,0.11457109283196232,0.3042282571330355,0.3721518987341772,0.46401697858383173,0.009093305218766501,8.231086097510968,8.997073859112163,19.525716394678966,0.019464012808526627,0.019402946772682405,1.0,0.5941157,-0.042399190900364175,-1,2024-09-18 00:00:00+05:30
2024-09-06 00:00:00+05:30,383.7,385.9,369.05,373.7,7030758,-0.023899699621261705,0.07741098457546469,0.12306536438767846,0.3493410362881386,0.4409099672257566,0.010436178753010505,10.642542557665195,11.280357917371362,20.729267694261807,0.018261267468590574,0.01961559694355162,1.0,0.5369807,0.04576560166922402,1,2024-09-16 00:00:00+05:30
2024-09-10 00:00:00+05:30,382.0,389.8,378.25,386.6,9473666,0.02383474576271194,0.14735123905623992,0.13739335098558403,0.38096088587247734,0.4792423952554046,-0.0033626487325401078,12.521975094287598,13.364383778809781,21.97106956638811,0.018508829328183367,0.019703365937188924,1.0,0.5365436,-0.026206950551178533,-1,2024-09-12 00:00:00+05:30
2024-09-12 00:00:00+05:30,389.1,393.85,374.85,376.6,8824201,-0.022579807941863428,0.11717591219222778,0.11124225435231638,0.335934728627173,0.39792130660727554,0.006240042485395447,12.08910720870017,14.35334340478363,22.800261618375032,0.018033166022108246,0.019718856218936726,1.0,0.53497696,-0.03499174962250241,-1,2024-09-18 00:00:00+05:30
2024-09-16 00:00:00+05:30,382.5,394.85,380.3,391.2,7932099,0.03232616440163616,0.1473823141223054,0.1684587813620071,0.44701313112631746,0.46846846846846857,-0.03923824130879339,12.55816190880023,15.51549668051166,23.74284180215045,0.017272854058019836,0.019701334408104936,1.0,0.5521413,-0.04002881053718431,-1,2024-09-17 00:00:00+05:30
2024-09-17 00:00:00+05:30,393.6,395.8,374.3,375.85,10455441,-0.03923824130879339,0.09005220417633408,0.1446627074767779,0.48645441961637337,0.35980463096960946,-0.032459757882133955,10.933445669304945,15.111982610162272,23.73582139979146,0.020074531808496967,0.020402264910847765,1.0,0.5686913,-0.03299826102292831,-1,2024-09-18 00:00:00+05:30
2024-09-18 00:00:00+05:30,375.0,375.75,360.0,363.65,6911164,-0.032459757882133955,0.048738284066330184,0.09450714823175321,0.35994764397905765,0.3604564160119714,-0.005912278289564088,7.841387459367354,13.760571625724197,23.211854398683613,0.02110349273072962,0.02081928557257127,1.0,0.5527208,-0.019717384126236946,-1,2024-10-03 00:00:00+05:30
2024-09-23 00:00:00+05:30,365.35,372.85,363.6,370.35,3890925,0.013685507048036172,0.05332764505119458,0.0822618351841029,0.5070193285859614,0.3382113821138213,0.014850816794923727,3.347053102318739,11.002388226242317,21.97369542107367,0.02112097193367907,0.020203540963972783,1.0,0.52412677,-0.03797402198498559,-1,2024-10-03 00:00:00+05:30
2024-09-30 00:00:00+05:30,362.0,369.2,361.15,363.1,3231111,-0.01558899281550763,0.01113895850737956,0.015238361526632271,0.4150428682774747,0.374858008330178,0.020793169925640287,1.1844242102489488,8.703441955471988,20.684295114357326,0.021703135154173877,0.020242798162077445,1.0,0.52607495,-0.04722845395167602,-1,2024-10-04 00:00:00+05:30
2024-10-01 00:00:00+05:30,362.4,371.8,361.85,370.65,2195117,0.020793169925640287,0.019950467804072725,0.03910849453322118,0.4031800113571835,0.41658704376074907,-0.03804127883447983,1.2503698120397644,8.39980990163258,20.437812743943084,0.022153407459280863,0.020170448837329994,1.0,0.5321699,-0.038783738628416005,-1,2024-10-03 00:00:00+05:30
2024-10-03 00:00:00+05:30,362.4,369.35,352.75,356.55,3235274,-0.03804127883447983,-0.01478308925117422,-0.013556508507400644,0.32202447163515036,0.3472510863404499,-0.02860748843079508,-0.730004576226122,7.019185846934704,19.621679713063486,0.02090964967144172,0.020731605749711834,1.0,0.5655747,-0.029024658005698527,-1,2024-10-04 00:00:00+05:30
2024-10-04 00:00:00+05:30,359.35,360.15,345.1,346.35,5693848,-0.02860748843079508,-0.08711122825513962,-0.04137835593689454,0.28254027032031104,0.2976770325964784,-0.018334055146528194,-3.5847612793635903,5.033331462841431,18.43842495055401,0.021464330119340826,0.021017412223745924,1.0,0.5449225,-0.018651276496145505,-1,2024-10-18 00:00:00+05:30
2024-10-15 00:00:00+05:30,347.0,353.35,346.35,352.2,2051189,0.016450216450216493,-0.0705897875709196,-0.01935124599749405,0.28540145985401466,0.36564559906940675,-0.015758091993185674,-7.359557217375993,-2.5021278670527636,11.927393215820075,0.018763032327981575,0.020275102072967375,1.0,0.5268905,-0.038051606932254525,-1,2024-10-17 00:00:00+05:30
2024-10-17 00:00:00+05:30,348.4,348.45,337.65,339.05,1768096,-0.021924130967834854,-0.0979114008247971,-0.012092074592074509,0.28549763033175357,0.3035371011149557,0.0026544757410411624,-8.08228513703608,-4.00864654504295,10.258899740964864,0.01640222040385995,0.02059060622206855,1.0,0.53383493,-0.039863892961906414,-1,2024-10-22 00:00:00+05:30
2024-10-22 00:00:00+05:30,336.05,339.6,324.55,325.8,3431583,-0.034380557202133843,-0.1082523607499658,-0.03337783711615483,0.2015489581412504,0.2781482934484112,-0.0018416206261511192,-10.699669673116603,-7.132715640450044,7.173863347056283,0.016962578617213748,0.01977891810191779,1.0,0.55679727,-0.0432805083584624,-1,2024-10-25 00:00:00+05:30
2024-10-25 00:00:00+05:30,322.7,324.65,304.65,312.0,3282892,-0.03300790330079029,-0.16004845874276485,-0.15332428765264583,0.06977541573804236,0.3509417622862092,0.03766025641025639,-14.910038048028298,-11.589930148382734,3.1041068925893,0.01702380650989112,0.020039172635702394,1.0,0.5536742,0.04695698308777108,1,2024-10-29 00:00:00+05:30
2024-10-28 00:00:00+05:30,313.95,325.75,313.25,323.75,1994728,0.03766025641025639,-0.13168834652004835,-0.10529224816913096,0.056625326370757234,0.430939226519337,0.010038610038610063,-14.409390334703858,-12.199771798548909,2.1153250331582854,0.019917441764195673,0.020536230866154453,1.0,0.5647227,-0.023912993792175378,-1,2024-10-31 00:00:00+05:30
2024-10-31 00:00:00+05:30,305.5,323.1,303.0,316.1,13655954,-0.01434362332397865,-0.14717388371779294,-0.10894996476391816,0.016725635252492932,0.4193982936686127,0.005378044922492942,-13.560796171056666,-13.80705694708007,-0.7204135952054571,0.01807182125753682,0.01990302531026791,1.0,0.5247113,0.09815333446003344,1,2024-11-11 00:00:00+05:30
2024-11-04 00:00:00+05:30,317.5,317.5,306.1,310.9,3983931,-0.021711768407803755,-0.10235311101486944,-0.086662749706228,0.034264803725881476,0.4154336444343272,0.015439047925377869,-13.893646774747083,-15.153668010207923,-2.7697177233152956,0.017565108364216125,0.019289724359728314,1.0,0.5334096,0.05354229131943561,1,2024-11-07 00:00:00+05:30
2024-11-06 00:00:00+05:30,318.05,324.8,315.7,322.85,2183502,0.022648083623693527,-0.05792238109133341,-0.06919417615684009,0.05162866449511405,0.4559188275084556,0.01595168034691019,-11.747279122524674,-15.070071773838265,-4.090703771993617,0.01853119532440567,0.01962892965471825,1.0,0.53502554,0.07702413460912944,1,2024-11-11 00:00:00+05:30
2024-11-08 00:00:00+05:30,329.0,331.9,319.6,321.3,3218359,-0.020426829268292646,-0.07085020242914974,-0.04644606024632725,0.05690789473684221,0.4289526350900601,0.085278555866791,-8.917174680496942,-14.06450105382595,-4.798951082735869,0.019424952340999325,0.019585313420592682,1.0,0.53168356,0.08183668755979256,1,2024-11-11 00:00:00+05:30
2024-11-11 00:00:00+05:30,329.0,350.8,326.0,348.7,22071949,0.085278555866791,0.007366748519427979,0.03211484386562069,0.15597546825791486,0.5473707566008432,-0.003441353599082264,-4.343045062720989,-11.7062118253167,-4.135318511380262,0.02779812512329591,0.021876080247809276,1.0,0.7332418,-0.05043332586672873,-1,2024-11-13 00:00:00+05:30
2024-11-13 00:00:00+05:30,345.2,346.9,328.5,331.55,3915358,-0.04589928057553949,-0.05863145939806924,0.011902945215931826,0.06300096184674597,0.4602510460251046,0.01281857939978881,-1.1360478644051,-9.266173338587635,-3.6785840575680595,0.029221476778241707,0.02262501024422836,1.0,0.58755267,0.06169743583931152,1,2024-11-26 00:00:00+05:30
2024-11-18 00:00:00+05:30,336.45,337.65,324.7,325.35,2389049,-0.031119714115544928,-0.04040701961362625,-0.0564095127610208,0.06375674350171656,0.3856473594548553,0.005225142154602791,-1.5082727845631894,-8.593016008162806,-3.9529089156453665,0.029799796876341805,0.022799251562376978,1.0,0.54910874,0.08057453771319506,1,2024-11-26 00:00:00+05:30
2024-11-22 00:00:00+05:30,323.1,332.6,322.6,331.5,1533051,0.02599814298978642,0.017495395948434522,-0.07012622720897621,0.07647345348270829,0.42949547218628714,0.014630467571644212,-2.1891178677828975,-8.176296653883185,-4.585290724175479,0.029474264948665427,0.02305676579058347,1.0,0.53997797,0.061848254028271016,1,2024-11-26 00:00:00+05:30
2024-11-26 00:00:00+05:30,336.35,355.45,336.05,352.65,5258746,0.04846142411178822,0.09298000929800088,-0.001698513800424739,0.10392862732822028,0.5006382978723403,0.01701403658017875,2.1741689983251717,-5.308192979646947,-3.5573152650792395,0.029994308303741442,0.023943779907811838,1.0,0.5920181,0.062382860364823295,1,2024-12-02 00:00:00+05:30
2024-11-28 00:00:00+05:30,360.0,366.65,358.05,363.95,3951858,0.014777638366095136,0.12416988416988417,0.020325203252032464,0.14539732494099122,0.5421610169491524,0.0032971562027750423,8.137691204617113,-0.8437730161929835,-1.3981602197088137,0.02927044165338652,0.024033755538830023,1.0,0.52538097,-0.020121403199421063,-1,2024-12-12 00:00:00+05:30
2024-12-02 00:00:00+05:30,375.0,380.0,368.05,375.35,9412158,0.02793372586608256,0.17040848144683518,0.04525201893622954,0.207495576644684,0.5948587210537499,-0.003996270147861969,12.977115831357025,3.6670726884640317,1.13108422997567,0.028593898478585438,0.023477593764136415,1.0,0.5430087,-0.05096383165416562,-1,2024-12-12 00:00:00+05:30
2024-12-09 00:00:00+05:30,378.0,380.8,363.95,369.6,4676618,-0.02749638205499272,0.14480408858603067,-0.010971367407010879,0.11074380165289255,0.5358404321628922,-0.0010822510822511289,15.665128751405177,11.047509602499929,6.69996709150945,0.02915856082436858,0.02346507041004738,1.0,0.5425967,-0.03552624740268334,-1,2024-12-12 00:00:00+05:30
2024-12-12 00:00:00+05:30,368.4,369.35,355.5,356.7,1766527,-0.030311268179964768,0.02294235732721539,-0.07422787438359724,0.03556394251705619,0.4724458204334365,-0.010933557611438105,10.151473389364753,10.536935950640895,7.750743308793346,0.02311588268787971,0.02319363694723521,1.0,0.547706,-0.02454894475017031,-1,2024-12-18 00:00:00+05:30
2024-12-18 00:00:00+05:30,349.1,357.8,346.45,348.05,3312516,-0.008263285368286022,0.06977101582910716,-0.07396567779699348,0.05999695446931619,0.39610910549538714,0.006608245941674973,1.7090630556211295,6.478634609594906,6.831934570760609,0.01915708317130977,0.02229623980388919,1.0,0.52047193,-0.03538380824851656,-1,2024-12-20 00:00:00+05:30
2024-12-20 00:00:00+05:30,350.0,351.3,335.15,335.95,2889197,-0.04110175538746974,0.03977096874032804,-0.07067773167358238,-0.01998249708284716,0.33472387763210176,-0.019050453936597656,-2.0914575498293857,3.8868085297835364,5.785551850927959,0.020628873438870814,0.022743146194976666,1.0,0.57242405,0.048230116798890735,1,2024-12-27 00:00:00+05:30
2024-12-24 00:00:00+05:30,332.55,347.7,332.05,344.5,6890831,0.04536489151873768,0.024230712055894,-0.06979883893614158,0.006721215663354707,0.3651674261937785,0.005660377358490454,-4.795077046536733,1.2682291020477123,4.449083394027582,0.020442564607149227,0.02360646222123917,1.0,0.5838441,0.06517329785351295,1,2024-12-30 00:00:00+05:30
2024-12-27 00:00:00+05:30,346.75,353.9,346.45,352.55,2606743,0.017607158320104066,-0.017008225289279144,-0.050881679903082455,0.0011358795967628676,0.43487993487993504,0.04297262799602897,-3.028575205296079,1.0867980096448377,4.240037341136258,0.02020174068096727,0.023623219283802708,1.0,0.5282657,0.05705598025425008,1,2025-01-02 00:00:00+05:30
2024-12-30 00:00:00+05:30,355.0,368.95,352.2,367.7,8766841,0.04297262799602897,0.01030361313367223,-0.013812525144159982,0.06225624729163659,0.492894843686561,-0.006391079684525347,0.10101594738222275,2.3879880410608507,4.862748753662231,0.022503749666189198,0.024125788022598824,1.0,0.57687575,-0.026455111302839163,-1,2025-01-06 00:00:00+05:30
2025-01-06 00:00:00+05:30,369.45,372.8,356.75,358.1,1962539,-0.0301963439404197,-0.04570286475682872,0.03392522015302446,-0.00885690561859942,0.40129133242027004,0.0677185143814576,5.1280195498713965,5.846063424532133,7.037657765309632,0.022289278967873596,0.023571473612130904,1.0,0.5476455,0.06552414248584704,1,2025-01-07 00:00:00+05:30
2025-01-07 00:00:00+05:30,363.1,388.95,363.1,382.35,19915058,0.0677185143814576,0.0060518352848308865,0.12455882352941172,0.03282009724473256,0.4363260706235914,-0.0291617627827907,7.610535063290456,7.409389276933666,7.976469271763278,0.026494006543020455,0.025095152397080888,1.0,0.6587798,-0.029595418578188697,-1,2025-01-08 00:00:00+05:30
2025-01-08 00:00:00+05:30,381.0,383.65,368.4,371.2,3256228,-0.0291617627827907,0.0043290043290042934,0.08316311642836305,0.012409654984317564,0.314680361253763,-0.0013469827586206629,7.665836651767449,7.840250223914893,8.38437118036029,0.027396014199591125,0.025415199916377928,1.0,0.5455763,-0.028001556326875437,-1,2025-01-10 00:00:00+05:30
2025-01-10 00:00:00+05:30,369.95,370.55,357.95,360.95,2223573,-0.026301591583490658,-0.018757645779529764,0.0438114517061885,0.008944793850454102,0.23910058359079978,0.01177448400055403,5.85796518320484,7.584952473427052,8.645626864606072,0.027156351205796982,0.02558847513864284,1.0,0.5405116,0.0713634260797979,1,2025-01-14 00:00:00+05:30
2025-01-14 00:00:00+05:30,371.85,391.2,370.25,387.65,16972762,0.06147316538882808,0.09878117913832196,0.11875901875901862,0.1052031361368495,0.37855618776671407,-0.014446020895137246,7.803693472006557,8.959940604915403,9.690404326390649,0.030189889356613056,0.0265067143836749,1.0,0.62330806,-0.045924417517059835,-1,2025-01-27 00:00:00+05:30
2025-01-16 00:00:00+05:30,384.05,396.75,382.1,393.15,10454325,0.029053788771103095,0.12024504915230083,0.13414106447425356,0.11247877758913405,0.3936547323644095,0.0013989571410404356,10.837575479473628,11.306461915816442,11.36838135384096,0.030682278838310182,0.026787529366228663,1.0,0.5391531,-0.06001276528961685,-1,2025-01-27 00:00:00+05:30
2025-01-21 00:00:00+05:30,403.0,404.7,389.25,390.55,4681084,-0.02739384883576146,0.16252418514659928,0.1575281564908122,0.1646041449232145,0.35796244784422804,-0.0064012290359749535,13.649264395179443,14.643818458145006,14.124057028193533,0.02920495023577625,0.026679288847526104,1.0,0.54201496,-0.053377548908398166,-1,2025-01-27 00:00:00+05:30
2025-01-27 00:00:00+05:30,388.25,388.25,369.4,370.25,3292383,-0.04636188023180943,0.050205644589419895,0.18669871794871784,0.004748982360922582,0.3515240007300602,-0.027954085077650292,8.283999745823849,13.791612111919733,15.24884506242256,0.029751893882740084,0.026867219062023235,1.0,0.57298565,-0.028352238062923207,-1,2025-01-28 00:00:00+05:30
2025-01-28 00:00:00+05:30,372.0,372.45,350.4,359.9,3909804,-0.027954085077650292,-0.021212945335871702,0.11166023166023153,-0.00538897333149102,0.37104761904761907,-0.011669908307863297,4.057978874046512,11.596292299935158,14.414968867135372,0.03040815211451201,0.027070653529251497,1.0,0.5422331,0.08096134431055653,1,2025-02-05 00:00:00+05:30
2025-02-01 00:00:00+05:30,361.25,375.65,358.5,370.45,2156378,0.021790097917528506,0.003249830737982462,0.16567023285084947,0.040297669194046426,0.4248076923076922,-0.016196517748684025,-2.5294552811270137,5.947430489784551,11.82979730369209,0.029987124497716226,0.02693737310325549,1.0,0.5320726,0.05206907653287553,1,2025-02-05 00:00:00+05:30
2025-02-05 00:00:00+05:30,371.45,393.75,371.45,390.25,7674111,0.05174504783721856,0.0513200431034484,0.20876568065665158,0.1251261352169526,0.420640698944303,0.017168481742472652,0.9509939836523813,6.147109165154518,11.79335886189864,0.027939706655654952,0.025467430250617273,1.0,0.57654196,-0.03414457309590159,-1,2025-02-10 00:00:00+05:30
2025-02-10 00:00:00+05:30,385.95,386.2,374.2,377.15,1726831,-0.024948293691830492,0.032721796276013126,0.08158875824490974,0.11632381234275546,0.29939707149009465,-0.04016969375580004,4.154221816252971,7.836877403078859,12.79675290957897,0.02507196793655832,0.025224690021102173,1.0,0.5387527,-0.04099877447386878,-1,2025-02-11 00:00:00+05:30
2025-02-11 00:00:00+05:30,378.55,378.7,360.0,362.0,1959111,-0.04016969375580004,-0.06616793499290596,0.04172661870503602,0.07386532186294859,0.2715138742536003,-0.01671270718232043,1.2978960602604843,6.330589539287018,12.071709224135816,0.026417748558479615,0.025453611450048853,1.0,0.5606496,-0.03556992682731133,-1,2025-02-14 00:00:00+05:30
2025-02-14 00:00:00+05:30,362.75,362.75,344.25,349.35,3103224,-0.027692735875313068,-0.11264922529845056,0.07376671277086211,0.01319605568445481,0.3074476047904193,-0.005152425933877214,-5.7138831312715865,1.44907977544608,9.334866104779849,0.02552977202988042,0.025607584043280375,1.0,0.5416634,-0.032436848533979865,-1,2025-02-18 00:00:00+05:30
2025-02-18 00:00:00+05:30,351.1,351.1,334.15,338.2,3284422,-0.026902603941878933,-0.1340417360133146,0.04673475704116359,-0.0473239436619719,0.23295661684287272,-0.004139562389118834,-10.235449876958626,-2.4253229060951753,6.877622819194187,0.02551102364723692,0.02502651319427311,1.0,0.54056007,-0.04753430022865267,-1,2025-02-21 00:00:00+05:30
2025-02-21 00:00:00+05:30,336.0,339.0,320.4,322.5,5201717,-0.0401785714285714,-0.16934964584674828,-0.08549553381539765,-0.08704883227176219,0.14687055476529176,-0.005116279069767415,-15.897975223787114,-8.448502811819708,2.57290150991156,0.023783831075316366,0.025343772303630024,1.0,0.56,-0.033580833263695445,-1,2025-02-27 00:00:00+05:30
2025-02-27 00:00:00+05:30,322.25,322.8,308.65,311.85,3877068,-0.02910958904109584,-0.12327804329491132,-0.1459674106531561,-0.12266141510760997,0.14209851675517315,-0.030142696809363545,-20.254170927616315,-14.441140304241458,-2.315362741524325,0.023762618131637468,0.025172752255480442,1.0,0.5429602,-0.030606328419208444,-1,2025-02-28 00:00:00+05:30
2025-02-28 00:00:00+05:30,311.75,311.8,298.55,302.45,4697901,-0.030142696809363545,-0.15280112044817928,-0.19421872918609306,-0.1577554998607631,0.10807840263784585,0.008596462225161305,-22.414344592187206,-16.891893937200052,-4.298738908729831,0.023730809639676227,0.025392726806129903,1.0,0.54415953,0.07144756277361682,1,2025-03-05 00:00:00+05:30
2025-03-04 00:00:00+05:30,303.8,315.65,297.4,314.8,3678170,0.03196197344697582,-0.15022270211904432,-0.1709244140110613,-0.13014644929538532,0.1614093340712046,0.03192503176620076,-21.949170706727728,-19.364096954740774,-7.194987736331541,0.024718717149432808,0.02555464967196194,1.0,0.5439052,0.05620497343719555,1,2025-03-06 00:00:00+05:30
2025-03-05 00:00:00+05:30,317.75,325.95,316.75,324.85,5199973,0.03192503176620076,-0.10865688023048425,-0.1343104596935376,-0.14377965208223498,0.1748643761301989,0.02508850238571636,-19.240449693813105,-19.07355026863462,-7.87051775344753,0.025633641799125337,0.02593490982290546,1.0,0.54368716,0.05115475931871541,1,2025-03-19 00:00:00+05:30
2025-03-07 00:00:00+05:30,335.8,338.9,331.9,333.7,3889175,0.0021021021021021546,-0.1449071108263934,-0.09713203463203468,-0.10703773080010703,0.20491063368839146,-0.016631705124363183,-12.95949815617655,-17.153562059329317,-8.381022301416692,0.022398409399064737,0.025889072265115432,1.0,0.5234691,-0.026109558447468574,-1,2025-03-12 00:00:00+05:30
2025-03-12 00:00:00+05:30,328.15,330.9,323.4,325.1,1782978,-0.011553663727576602,-0.13800874983428335,-0.08858985141575548,-0.1562418894368025,0.18433515482695828,-0.0063057520762842545,-9.502557779654353,-15.921104032918095,-9.59984261211315,0.02043777684634801,0.025958370059295136,1.0,0.5268662,0.05038546933539591,1,2025-03-19 00:00:00+05:30
2025-03-17 00:00:00+05:30,324.8,333.9,323.55,333.25,2440747,0.03157405974307381,-0.06377300182609913,-0.057817359344076835,-0.12059638474732814,0.19358882521489984,0.009302325581395321,-7.341847341732148,-14.843146424574229,-10.120676870943669,0.021628897121049,0.0262710607924657,1.0,0.5432389,0.017402090072775003,1,2025-04-01 00:00:00+05:30
2025-03-19 00:00:00+05:30,338.7,343.2,334.05,341.9,1681648,0.0165006689460383,-0.02132531844854746,-0.01766987501795725,-0.09032858853265946,0.3521850899742931,-0.0023398654577360123,-3.2141094593582125,-12.27988967377928,-9.67794864257678,0.021393885432608964,0.025706543514883273,1.0,0.52830225,0.011197673899612053,1,2025-04-03 00:00:00+05:30
2025-03-24 00:00:00+05:30,348.0,351.8,345.05,349.3,1156746,0.01511188607962799,0.0371140142517814,0.05993020785920189,-0.043930477624195996,0.39357670057849603,-0.0032922988834813705,1.7517767894461258,-8.189698959524947,-8.410222691541833,0.020743938996154045,0.02502578020057894,1.0,0.5273165,-0.029636102681193308,-1,2025-04-01 00:00:00+05:30
2025-03-28 00:00:00+05:30,344.95,349.3,339.35,341.7,2340187,-0.011141658226016538,0.06382316313823155,-0.07070981778623875,-0.08354566179428735,0.35487708168120546,-0.007609013754755534,3.233006528012254,-4.660890981391731,-6.926303213083941,0.017062304047577137,0.024336589096810822,1.0,0.5264645,-0.04152949281151681,-1,2025-04-04 00:00:00+05:30
2025-04-04 00:00:00+05:30,342.55,343.2,321.3,327.8,3716291,-0.05191612436731741,0.0412960609911055,-0.11225457007447526,-0.08063385219464314,0.2154245457916204,-0.06192800488102501,0.1972925565002015,-4.3809798401784406,-6.7811713814872405,0.017609819532744184,0.023038022766974604,1.0,0.5849945,-0.06392857906315674,-1,2025-04-07 00:00:00+05:30
2025-04-07 00:00:00+05:30,299.1,311.75,299.0,307.5,2647332,-0.06192800488102501,-0.05340926581499161,-0.14130131248254685,-0.11216977046340415,0.13867802258840944,0.04813008130081298,-4.378684466057166,-6.632078743249565,-7.965260216315244,0.021550030110477583,0.02430984550769027,1.0,0.6082916,0.0671266325007876,1,2025-04-15 00:00:00+05:30
2025-04-08 00:00:00+05:30,312.05,327.4,308.5,322.3,4084647,0.04813008130081298,-0.03213213213213206,-0.15705505426964828,-0.05205882352941171,0.1823184152604549,-0.04964318957493019,-5.470318078357195,-7.368328937357774,-8.452883014722943,0.0244680388400089,0.024981077022817415,1.0,0.5708219,-0.0509177749826626,-1,2025-04-09 00:00:00+05:30
2025-04-09 00:00:00+05:30,315.65,316.1,305.0,306.3,3481679,-0.04964318957493019,-0.08210967935271196,-0.1748383620689654,-0.10621534870148808,0.13339500462534692,0.03346392425726408,-8.429748030654423,-9.185355433272377,-9.530745435607628,0.02656940833431084,0.025673384413625176,1.0,0.57773364,0.07103670590863043,1,2025-04-15 00:00:00+05:30
2025-04-11 00:00:00+05:30,320.0,323.0,313.6,316.55,3064653,0.03346392425726408,-0.035349687642846184,-0.14607499325600215,-0.0878835902607693,0.16829673371470766,0.03885642078660556,-8.939744609308775,-9.891552621611766,-10.10062417592718,0.027788656244334548,0.0247257078205292,1.0,0.5458668,0.05873669699585365,1,2025-04-23 00:00:00+05:30
2025-04-15 00:00:00+05:30,321.0,330.65,319.7,328.85,3208011,0.03885642078660556,-0.00015202189115215425,-0.08893198503947908,-0.04901677270098315,0.20105916727538342,0.0009122700319292854,-7.396413368091544,-9.496718056537134,-10.120458725610888,0.02908835471435764,0.025261757485909888,1.0,0.5536139,-0.05307941677522841,-1,2025-04-25 00:00:00+05:30
2025-04-24 00:00:00+05:30,334.0,335.0,325.05,326.75,4713095,-0.026660708966338986,-0.042069774259747894,-0.18627817208317776,-0.03882923959405793,0.22286676646706582,-0.04560061208875277,-1.8390408103128948,-6.6424715264334395,-9.472096804909711,0.028417736995256293,0.02457514944027407,1.0,0.5399658,-0.0466730495321996,-1,2025-04-25 00:00:00+05:30
2025-04-25 00:00:00+05:30,326.75,328.4,308.45,311.85,4326450,-0.04560061208875277,-0.09372275501307759,-0.20151069005249,-0.07572614107883802,0.19185935409898747,0.02886002886002892,-4.240144743949031,-7.785475915743291,-10.136206333482335,0.029686056745014473,0.025059034554032904,1.0,0.56949353,0.0742911936461154,1,2025-05-05 00:00:00+05:30
2025-04-28 00:00:00+05:30,314.85,322.45,313.0,320.85,2427466,0.02886002886002892,-0.08144861150873173,-0.17317356010823348,-0.015193370165745845,0.18329338004794415,-0.006233442418575708,-4.602887652125162,-8.023982747436548,-10.3746498624771,0.03065145278040171,0.02474966595294577,1.0,0.5399658,0.06222753121057382,1,2025-05-06 00:00:00+05:30
2025-05-05 00:00:00+05:30,322.0,336.8,322.0,335.9,4679123,0.05330824709940418,-0.01697395376060873,-0.06668519033064746,0.03752895752895746,0.09627937336814618,0.01652277463530827,-2.7169744988584057,-7.335360061516724,-10.529953029357102,0.03317902021618275,0.025451995015909952,1.0,0.58082765,0.016826965296167947,1,2025-05-19 00:00:00+05:30
2025-05-07 00:00:00+05:30,336.1,348.85,336.1,346.5,5299681,0.014789866744765012,0.013009793889782184,-0.02941176470588236,0.08044901777362035,0.1606096131301289,-0.03434343434343423,2.3469600116468428,-4.205354259520618,-9.003397183143193,0.03340889959146646,0.025382828581985133,1.0,0.5274504,-0.03494703007723421,-1,2025-05-08 00:00:00+05:30
2025-05-08 00:00:00+05:30,346.0,350.0,332.35,334.6,2552004,-0.03434343434343423,-0.03224873463485167,-0.07709281478416763,0.05852578298006961,0.07623029913155377,-0.01404662283323388,2.425106018645238,-3.694394292885704,-8.692354583253405,0.03216166685315694,0.025632259185176212,1.0,0.55025697,-0.004493043353089645,-1,2025-05-22 00:00:00+05:30
2025-05-14 00:00:00+05:30,333.4,339.95,329.55,338.2,3246085,0.025314536910716834,0.10414626183480236,-0.1333760409993594,0.04754529967477139,0.10162866449511387,0.0011827321111768097,1.6585714042647624,-2.7803029594522286,-7.974093888896562,0.023620504285964263,0.024490457441201968,1.0,0.5359243,-0.011449087964492313,-1,2025-05-28 00:00:00+05:30
2025-05-20 00:00:00+05:30,342.1,344.2,331.55,332.5,2112277,-0.026639344262295195,0.0036220947781466784,-0.08149171270718236,-0.043165467625899234,0.06947571566420074,0.024511278195488595,2.7434153769643785,-0.8059520386559029,-6.464347609758477,0.02300613368887623,0.023834924851762324,1.0,0.5399658,0.014036366031791567,1,2025-06-03 00:00:00+05:30
2025-05-21 00:00:00+05:30,334.5,341.2,333.35,340.65,2264172,0.024511278195488595,0.02636336245857196,-0.04298356510745893,0.02744684059719482,0.09217697980121842,-0.02216351093497715,3.226926202860568,-0.24525497023182652,-6.0271230713862565,0.02361301168236871,0.024044413108135154,1.0,0.53509843,-0.029492754224612002,-1,2025-05-23 00:00:00+05:30
2025-05-23 00:00:00+05:30,335.0,335.8,329.0,330.75,2051454,-0.007054938456919957,-0.014745308310991967,-0.05324173465006443,0.016597510373443924,0.08141245708680711,0.004837490551776291,1.5022981731070217,-0.616802677939063,-5.90655814657373,0.023406526629532607,0.023973898910150688,1.0,0.5248331,-0.0021186448602852144,-1,2025-06-06 00:00:00+05:30
2025-06-06 00:00:00+05:30,331.95,332.2,327.6,330.05,1250474,-0.0016636418632789418,-0.013598326359832713,0.08195377806916904,-0.11715928848468637,0.0672594987873889,0.024541736100590628,-0.2101952099814639,-0.552721533815486,-4.6263359303693505,0.01283937389548119,0.02190053594098287,1.0,0.52323765,0.07132313416624662,1,2025-06-11 00:00:00+05:30
2025-06-09 00:00:00+05:30,332.9,341.85,330.9,338.15,3325964,0.024541736100590628,0.025007578053955815,0.07417407878017768,-0.10942849618119577,0.09203939932181493,0.009019665828774226,0.4735940681997022,-0.2006038556500016,-4.35043660928136,0.013871066396649239,0.022125935444308707,1.0,0.53517133,0.04707770828007758,1,2025-06-11 00:00:00+05:30
2025-06-11 00:00:00+05:30,341.2,356.0,338.1,354.45,8322371,0.03883352872215706,0.07457935425193263,0.06441441441441431,-0.06735955795290094,0.16117936117936105,-0.006206799266469165,3.902487338108074,1.8004724299099735,-3.0836662908375843,0.015401766549090933,0.02257542634587317,1.0,0.554181,-0.03575655523842139,-1,2025-06-18 00:00:00+05:30
2025-06-18 00:00:00+05:30,352.0,352.0,340.1,342.0,8974019,-0.030199914929816996,0.02857142857142847,0.058659650208946035,-0.030612244897959218,0.009147241074063173,0.019298245614035148,6.172977399054844,5.2158042349237235,-0.08012975695618252,0.0153730503741521,0.022509815136598194,1.0,0.5448014,0.05821373723212425,1,2025-07-01 00:00:00+05:30
2025-06-20 00:00:00+05:30,348.05,352.9,344.55,351.35,3627362,0.0078886976477337,0.05478835184629238,0.04459640255686037,0.0011397634990739647,0.04943249701314212,0.002419240074000184,5.861581114253909,5.678357464286819,0.7025756058381489,0.014850017668835216,0.02263523704976561,1.0,0.5239441,0.04779350999709102,1,2025-07-02 00:00:00+05:30
2025-06-30 00:00:00+05:30,355.0,356.6,349.55,355.7,2637925,0.003668171557562161,0.05910376656245342,0.02124605225380405,0.026699379419829805,0.04848931466470141,0.019117233623840324,5.438633762940299,6.7293307905058555,2.848282856594949,0.015037995907070691,0.022535391893195814,1.0,0.52290875,0.03548870868088838,1,2025-07-02 00:00:00+05:30
2025-07-01 00:00:00+05:30,356.0,363.45,354.0,362.5,5293503,0.019117233623840324,0.08532934131736525,0.04905223556648819,0.02822294709970219,0.029390884566236064,0.01668965517241383,6.496313430772091,7.48234219807631,3.504774158762416,0.015395916173459244,0.02263525375370161,1.0,0.52995676,0.04727834871731999,1,2025-07-04 00:00:00+05:30
2025-07-03 00:00:00+05:30,372.2,376.3,367.1,374.45,5847231,0.016008682675349384,0.11310939357907257,0.10424653494544378,0.024907622827425646,0.06650526915408705,0.01495526772599809,9.769628313163764,9.863158194602931,5.351034029627499,0.014881750058743759,0.021660067327478712,1.0,0.52758425,0.041841637413308076,1,2025-07-15 00:00:00+05:30
2025-07-07 00:00:00+05:30,381.95,382.0,371.45,372.1,3307833,-0.020918300223654707,0.12740493864565972,0.07621113521330458,-0.0030810448760884013,0.043173535183627765,-0.0073904864283794724,11.674744301083479,11.959011829375015,7.2169531940136835,0.015540820052104866,0.019376100589301743,1.0,0.53395647,0.04813728475610718,1,2025-07-15 00:00:00+05:30
2025-07-14 00:00:00+05:30,372.85,381.25,369.0,379.1,5647593,0.013094601817210227,0.06668542487338214,0.19759911546359188,0.022659832748853637,0.0443526170798898,0.029939329992086483,10.854169309804092,13.749071682752856,10.255101630546847,0.013643424344780154,0.017201393387719678,1.0,0.5257219,0.04019927363212209,1,2025-07-16 00:00:00+05:30
2025-07-15 00:00:00+05:30,380.9,391.5,380.75,390.45,7845415,0.029939329992086483,0.09293212036389087,0.1873194465561805,0.08172877129796374,0.09140461215932905,0.010756819054936528,12.537026671737806,15.023752847594949,11.347056852676133,0.014351732105732077,0.01756469698710951,1.0,0.541227,0.019528898594769847,1,2025-07-29 00:00:00+05:30
2025-07-17 00:00:00+05:30,396.25,398.8,392.65,397.0,4252872,0.005954643354871392,0.1608187134502923,0.19830968910353142,0.024119695601702684,0.1318602993585174,0.004408060453400475,15.328532700669484,17.580223619405274,13.649546411758251,0.011366519656093336,0.017591314994941248,1.0,0.5229575,-0.0249949252847685,-1,2025-07-22 00:00:00+05:30
2025-07-22 00:00:00+05:30,394.05,394.75,386.3,387.2,2387785,-0.018877486380336927,0.0993753549119818,0.15341078343759307,-0.01651003302006604,0.1282051282051282,0.02518078512396693,14.37324455974067,18.958227579930053,16.040354090614812,0.012793604187579948,0.015944997141951533,1.0,0.5319753,-0.03910708324576727,-1,2025-08-05 00:00:00+05:30
2025-07-23 00:00:00+05:30,384.6,398.4,384.6,396.95,3735346,0.02518078512396693,0.1367411225658648,0.21484315225707729,-0.011455609513136622,0.18421837708830546,0.0016374858294496697,14.407413180563367,19.423964744752766,16.824726168020447,0.013549014115642981,0.01614245424752809,1.0,0.5354993,-0.0242235199611632,-1,2025-07-28 00:00:00+05:30
2025-07-28 00:00:00+05:30,394.1,403.2,386.55,387.45,3698071,-0.016998604592160294,0.09325620767494369,0.2151481888035125,-0.024792348351371785,0.11336206896551726,0.02761646664085693,11.628781150689235,19.048889825591232,18.237394712819196,0.014680851428855949,0.014968665984619482,1.0,0.5302608,-0.03975253605330453,-1,2025-08-05 00:00:00+05:30
2025-07-29 00:00:00+05:30,387.45,399.1,386.0,398.15,5529147,0.02761646664085693,0.11934214225470896,0.2372591671845865,0.025499034127495213,0.10031781124775452,-0.0021348737912846305,11.659088881714467,19.21853787028681,18.805729299940538,0.015241995336286002,0.01521145309005369,1.0,0.5383401,-0.017098763741477972,-1,2025-07-31 00:00:00+05:30
2025-07-31 00:00:00+05:30,388.0,396.1,384.8,391.4,2938178,-0.014850239114019725,0.06199972866639514,0.16522774635308135,0.08752431230897462,0.08166367279259346,-0.02120592743995897,10.092379119121006,18.647146414796225,19.43928751028443,0.015319348867790182,0.014535125202795634,1.0,0.5285091,-0.021434003255372404,-1,2025-08-01 00:00:00+05:30
2025-08-01 00:00:00+05:30,391.5,392.85,381.8,383.1,3141290,-0.02120592743995897,0.0231005474696222,0.1219797920632597,0.07703120607253311,0.0657949645291418,-0.0018271991647090813,7.830746411699067,17.44817779361415,19.237816064321464,0.01587436271940663,0.01470351130215091,1.0,0.5342359,-0.028461779549948777,-1,2025-08-05 00:00:00+05:30
2025-08-05 00:00:00+05:30,383.0,386.8,370.65,372.35,3095425,-0.026281380753137906,0.0006718624025798814,0.11282127913927087,0.0270307543787065,0.04961240310077519,-0.03209346045387418,3.10926913645028,14.470242212995743,18.356404234342506,0.01620519360326366,0.015141698972556603,1.0,0.54011136,-0.03261974642247183,-1,2025-08-06 00:00:00+05:30
2025-08-06 00:00:00+05:30,372.0,372.9,359.4,360.4,4170067,-0.03209346045387418,-0.024231758494652866,0.09245225826007886,-0.027129167229045792,0.012075259758494772,0.010543840177580588,-0.6951886298800218,11.93752394611937,17.263098840329747,0.017534575207262697,0.015462531631299525,1.0,0.54821396,-0.048464190667497326,-1,2025-08-08 00:00:00+05:30
2025-08-08 00:00:00+05:30,358.95,365.8,341.2,343.35,5841196,-0.05724876441515636,-0.07800751879699241,0.04092769440654842,-0.07465301172348737,0.026457399103139156,-0.00364059997087518,-7.331487761761537,6.762964757545035,14.727922613595297,0.02166823901481855,0.017253931293234284,1.0,0.6005047,0.048047899812945924,1,2025-08-13 00:00:00+05:30
2025-08-12 00:00:00+05:30,342.1,357.5,340.1,354.9,7056392,0.03741596024554217,-0.06383539963070439,0.0481393975191966,-0.10593273712054418,0.04643962848297223,0.015074668920822765,-10.887761922618154,2.387528640757182,12.160253122017082,0.021988651417727594,0.017534736955600372,1.0,0.5528536,-0.004660038087813844,-1,2025-08-28 00:00:00+05:30
2025-08-18 00:00:00+05:30,363.0,366.35,359.9,364.3,2143775,0.014057063326374353,-0.08236775818639797,0.09563909774436086,0.00635359116022105,0.08068822307920498,-0.0012352456766401287,-8.305309041514022,0.4240240105667681,10.319463630399014,0.022354254842066563,0.017142596443611838,1.0,0.5262819,-0.030801682449881327,-1,2025-08-28 00:00:00+05:30
2025-08-28 00:00:00+05:30,361.0,362.65,350.9,353.25,2513036,-0.01409433435668439,-0.0882694541231126,0.0525923718712753,0.05133928571428581,0.0046928327645050505,-0.013871196036801092,-6.399225439104043,-2.791504934271984,6.467891206650506,0.019709422559159497,0.017299533013741344,1.0,0.52768165,0.03011519927608325,1,2025-09-11 00:00:00+05:30
2025-09-02 00:00:00+05:30,353.4,357.0,349.3,356.1,3049894,0.010069493688838582,-0.0901890648952477,0.056049822064057064,0.10865504358655054,-0.001682085786374965,0.015304689693906193,-6.550999501857007,-4.282023748550728,4.620242767114917,0.01996579314339399,0.01733107675779099,1.0,0.5240781,0.01144784245812348,1,2025-09-16 00:00:00+05:30
2025-09-05 00:00:00+05:30,354.0,364.8,354.0,363.7,2400088,0.01919574050721584,-0.0232308312071976,0.10195424935615804,0.19226356335027028,0.000825536598789256,0.0012372834753917594,-3.400791773070864,-3.444912865241463,4.041418721607158,0.018991119687121923,0.01667358883858963,1.0,0.5298594,-0.026044226736678226,-1,2025-09-17 00:00:00+05:30
2025-09-15 00:00:00+05:30,367.0,367.0,357.0,358.25,2232052,-0.019030668127053674,-0.005551700208188737,0.002799160251924393,0.08923685010641536,-0.07333160889808588,0.005443126308443791,-0.5695708541103954,-1.6790489670478905,3.6007286758477903,0.010758269237880532,0.016040755029337515,1.0,0.5317687,-0.055525988095275626,-1,2025-09-26 00:00:00+05:30
2025-09-17 00:00:00+05:30,360.95,362.3,353.0,354.35,3387333,-0.01624097723486939,-0.027312654405709513,0.036111111111111205,0.09688902646649122,-0.05908125331917158,0.039650063496542876,-1.691241033461779,-2.1729901190797705,2.998921564574914,0.01090981266491678,0.016168353112121434,1.0,0.5292026,0.03888417912488668,1,2025-09-18 00:00:00+05:30
2025-09-18 00:00:00+05:30,359.8,369.8,358.0,368.4,9086347,0.039650063496542876,0.01250515322248158,0.05679862306368322,0.10547636909227309,-0.027840084443858104,0.0021715526601520097,-0.3392158699281822,-1.4769769040796632,3.177556715005835,0.013925415246801517,0.016905616561913018,1.0,0.5575562,-0.024455127220050298,-1,2025-09-23 00:00:00+05:30
2025-09-22 00:00:00+05:30,369.5,370.95,358.85,362.15,3850328,-0.019095341278439926,0.012299091544374585,0.028250993753549114,0.05922784439894713,-0.03645071172010117,-0.007317409913019435,0.5100694187597696,-0.800510453460106,3.260785283956068,0.014578371532881221,0.01708447961792825,1.0,0.53186595,-0.01726821909145275,-1,2025-09-25 00:00:00+05:30
2025-09-25 00:00:00+05:30,361.0,361.4,354.05,355.95,1822433,-0.008357709987463435,-0.006558749651130347,0.015549215406561956,0.019038076152304573,-0.02572875325030799,-0.04789998595308331,-1.2791753552514251,-1.565670626807389,2.505528023854083,0.014404579573834292,0.016909932312033034,1.0,0.524005,-0.049085192936876625,-1,2025-09-26 00:00:00+05:30
2025-09-26 00:00:00+05:30,349.0,350.3,337.7,338.9,3635613,-0.04789998595308331,-0.040622788393489095,-0.04373589164785552,-0.026569007611661588,-0.0849196705818821,0.003688403658896444,-4.223417034846136,-3.1967161450101003,1.5212542747756856,0.017798604948279194,0.017848759420198732,1.0,0.57937664,0.038636072165783956,1,2025-10-03 00:00:00+05:30
2025-10-01 00:00:00+05:30,341.0,348.3,341.0,346.45,1955193,0.01598240469208201,-0.027099129458017512,-0.059964726631393406,0.013901082821188071,-0.07080595413705248,0.016741232501082504,-7.057727533368336,-5.843678998162829,-0.5692053487500743,0.017417982096594814,0.017554509041066604,1.0,0.52732867,0.03335298155322112,1,2025-10-16 00:00:00+05:30
2025-10-09 00:00:00+05:30,350.9,356.55,350.5,352.5,2666494,0.01002865329512903,-0.03292181069958844,-0.05635122473564447,0.14634146341463405,0.017756604590731806,0.002695035460992923,-4.1891810571282235,-5.7218519294592625,-1.8362036134710138,0.017493574067349776,0.01763404782823502,1.0,0.52367616,0.03785589787386731,1,2025-10-21 00:00:00+05:30
2025-10-15 00:00:00+05:30,351.85,357.15,350.05,356.4,2332613,0.012931647008668445,-0.005163991625959596,-0.08720706876680762,0.08377679793218773,0.03065355696934624,0.005050505050504972,-1.7087241249965928,-4.550943412051879,-2.0715692231072467,0.01748480637932481,0.01723405031377875,1.0,0.5250766,0.047399640894783934,1,2025-10-29 00:00:00+05:30
2025-10-20 00:00:00+05:30,357.95,364.95,356.7,364.3,2280530,0.022883616453741595,-0.011129207383278938,-0.08639498432601878,0.0976197649894548,0.034355479840999514,0.004940982706560515,1.267338871782158,-2.522727125694985,-1.4241942298131676,0.015469500033200287,0.017018582234792832,1.0,0.53328806,0.033205912208534055,1,2025-10-30 00:00:00+05:30
2025-10-24 00:00:00+05:30,364.2,365.2,357.85,359.5,1007188,-0.007728401876897606,0.0,-0.0943443758659781,0.10022953328232598,0.05750845712604802,0.0026425591098748757,2.707010956612578,-0.7380834663879341,-0.6041137353757904,0.015084982186200607,0.016944196014770565,1.0,0.5234691,0.03873915933033675,1,2025-10-29 00:00:00+05:30
2025-10-28 00:00:00+05:30,360.55,368.3,359.85,365.75,1341101,0.01470384241919831,0.027531956735496577,-0.07205378662945572,0.13994078229702356,0.12262124002455499,0.02173615857826383,3.312649390435638,0.20836370283637962,-0.09868879515767048,0.009958352041799916,0.01666017343831976,1.0,0.5260628,0.030692946399406198,1,2025-11-03 00:00:00+05:30
2025-10-29 00:00:00+05:30,367.55,374.75,365.6,373.7,2588388,0.02173615857826383,0.10268515786367671,-0.03548845012259649,0.17202446291359563,0.14913899138991393,0.007760235483007749,4.859945252763737,1.3729836569153804,0.5439759636501549,0.010729239629001045,0.01682235522175646,1.0,0.53202397,0.030309343432532204,1,2025-11-06 00:00:00+05:30
2025-11-04 00:00:00+05:30,378.0,384.9,376.1,380.5,4295964,0.008882407530160563,0.08019872249822568,-0.006786739754633286,0.11436520720456889,0.16360856269113144,0.012352168199737168,8.280185896483715,5.18895950544794,3.0613474236599245,0.010226807819498163,0.015917688503828253,1.0,0.52284783,0.06462064654311139,1,2025-11-12 00:00:00+05:30
2025-11-12 00:00:00+05:30,387.5,408.8,381.2,405.9,16384325,0.05401194494936368,0.14839439807610688,0.18217562254259478,0.23055934515688925,0.2857142857142856,0.02734663710273466,12.827258709162493,10.521063092822715,7.154687403690843,0.015033514134287376,0.014858278285305261,1.0,0.5907438,0.036407237938820905,1,2025-11-17 00:00:00+05:30
2025-11-13 00:00:00+05:30,407.15,423.1,405.75,417.0,12453552,0.02734663710273466,0.19347452776187768,0.21894182987430577,0.23299822590183328,0.29162149605079746,-0.014028776978417312,16.325140882870414,13.156716428896743,8.904676642116272,0.01566406892082775,0.015195851634833179,1.0,0.538328,-0.053820782147817145,-1,2025-11-20 00:00:00+05:30
2025-11-17 00:00:00+05:30,412.5,423.15,409.6,420.95,3740504,0.023835583120515702,0.18111672278338942,0.16849410131852882,0.2402769593400118,0.3101462807345159,0.0015441263808053662,19.772823004031466,17.010272577236265,11.904516006896813,0.016814950681735434,0.015516675240350239,1.0,0.5340536,-0.026113029385659296,-1,2025-11-19 00:00:00+05:30
2025-11-19 00:00:00+05:30,424.0,424.45,408.45,410.1,3249725,-0.027277039848197293,0.1514811175066686,0.1257205599780402,0.23338345864661658,0.18014388489208644,-0.03645452328700327,19.85698015947304,19.314955192466357,14.337165425551689,0.01803017268700608,0.01585271600345421,1.0,0.5420756,-0.037135592747029336,-1,2025-11-20 00:00:00+05:30
2025-11-20 00:00:00+05:30,407.9,407.9,391.3,395.15,8463319,-0.03645452328700327,0.08468295360966227,0.08602446062938007,0.1599882577425511,0.19182627054742873,0.004302163735290465,16.565011302228413,18.521330523405254,14.565487245740599,0.0203906485261043,0.016622597168530453,1.0,0.55714667,-0.017358444785327824,-1,2025-12-04 00:00:00+05:30
2025-12-03 00:00:00+05:30,402.0,412.5,400.05,410.0,10962895,0.027568922305764465,0.0871006230942597,0.15136197697276033,0.21589561091340448,0.1265283692814947,-0.052804878048780424,7.1008050288605205,14.449205972269624,16.281778642620907,0.020291106965003122,0.01647385198226438,1.0,0.53876483,-0.05425016483269708,-1,2025-12-04 00:00:00+05:30
2025-12-04 00:00:00+05:30,410.0,411.75,384.2,388.35,12104103,-0.052804878048780424,0.02063074901445483,0.0741252938735999,0.1544292508917957,0.06353553334246209,0.01107248615939227,4.752322777901497,13.11673505721393,15.89091495634301,0.02379638769909285,0.017936090207271355,1.0,0.5944218,-0.023975089718711963,-1,2025-12-10 00:00:00+05:30
2025-12-08 00:00:00+05:30,395.2,395.6,381.6,383.8,6232858,-0.022539157010059818,0.008937960042061155,0.05526532856750066,0.16285411301317976,0.026614952521064605,-0.000390828556539935,1.4509539857388631,10.789459415105568,15.11899241541937,0.02429803500252406,0.018243108380133106,1.0,0.5356086,0.039591430495576056,1,2025-12-22 00:00:00+05:30
2025-12-15 00:00:00+05:30,389.0,391.6,383.55,390.65,1455127,0.011129804581337943,-0.04986014836434394,0.06968784227820368,0.09918401800787846,0.05809859154929575,-0.014719057980289274,-1.962321629512985,6.050503536064809,12.814044375350079,0.01910395859159699,0.01808491459956158,1.0,0.52377355,-0.0006401639038158915,-1,2025-12-30 00:00:00+05:30
2025-12-18 00:00:00+05:30,388.5,395.45,386.05,392.25,3763050,0.015928515928515852,-0.04352596927578645,0.1069563990404967,0.14692982456140347,0.11181972789115635,0.016061185468451367,-1.2833114510340806,4.938841313923604,12.016484183466389,0.017153029525360464,0.017415926807353023,1.0,0.5267445,0.0017829856990419003,1,2026-01-02 00:00:00+05:30
2025-12-22 00:00:00+05:30,398.65,402.8,397.3,399.3,2260788,0.0018818216033120727,0.006173617235731399,0.08152762730227536,0.13647360182154533,0.13776891295056282,0.005634861006761804,1.532913579292881,5.874428738449581,12.357096031045103,0.017485966089225254,0.017471444935100753,1.0,0.5212031,-0.02254115953023827,-1,2025-12-29 00:00:00+05:30
2025-12-29 00:00:00+05:30,396.35,399.2,388.0,390.4,4725731,-0.012770261727146348,-0.0231452520955836,0.09678325607529148,0.1138373751783166,0.18464572902442722,0.0,1.8922992650740866,5.93157732924135,12.310537022641313,0.017613652533450132,0.016373566938674283,1.0,0.526148,-0.032409942800751684,-1,2026-01-08 00:00:00+05:30
2026-01-06 00:00:00+05:30,391.45,394.6,382.95,385.15,1770828,-0.01584259614156136,-0.01910098051699982,0.10754852624011502,0.013419286935929309,0.04433297180043372,0.004933142931325518,-0.8439721040106747,3.534806552736086,10.69802437561924,0.010947795778712046,0.016449500614416416,1.0,0.52685404,-0.01887095706078906,-1,2026-01-08 00:00:00+05:30
2026-01-08 00:00:00+05:30,387.05,388.35,376.3,377.95,1288204,-0.023511174266890644,-0.01485729180242401,0.08295128939828067,0.023284147827264068,0.02356127285037224,0.004365656832914455,-2.865654783072216,1.9206555442759168,9.62249965395489,0.011959421121476379,0.016689152619121055,1.0,0.53651935,-0.016405836450842058,-1,2026-01-12 00:00:00+05:30
2026-01-12 00:00:00+05:30,380.0,380.6,365.95,371.8,2148460,-0.020547945205479534,-0.026064178127046422,0.05191681991795161,-0.0016111707841029999,-0.027592519942461147,0.014792899408283988,-5.363913454289161,-0.22710817630178326,8.145879531230491,0.01235160011192032,0.016844669150117203,1.0,0.5323036,-0.01886976507571454,-1,2026-01-21 00:00:00+05:30
2026-01-14 00:00:00+05:30,375.4,383.85,372.95,379.0,3555556,0.004505698383249435,-0.029822091386151217,0.07716356401875801,-0.0002637826431021173,0.02239007283517669,-0.0035620052770448662,-5.541553373006025,-1.3599106244595873,7.059943902651128,0.012259350742089182,0.016915191974473297,1.0,0.51905817,-0.03258315992242307,-1,2026-01-20 00:00:00+05:30
2026-01-20 00:00:00+05:30,375.0,376.05,365.0,366.85,9421803,-0.024464831804281273,-0.06475462077756522,0.030043520988347838,-0.07594458438287144,-0.053656649039081517,-0.005451819544773029,-6.9784356430951675,-3.482854702820589,5.125457123655224,0.011792032175336913,0.016939861344532972,1.0,0.5379396,0.014746935718667848,1,2026-02-03 00:00:00+05:30
2026-01-22 00:00:00+05:30,365.0,374.3,365.0,373.0,1700808,0.022337947101548572,-0.06586526421237171,0.018847309478284613,-0.05485873558849608,-0.05125270253084058,-0.018230563002681,-7.5489022439543305,-4.856769298374047,3.7320528807084656,0.012992428141832704,0.01715787555408672,1.0,0.53383493,-0.01839878740340524,-1,2026-01-23 00:00:00+05:30
2026-01-23 00:00:00+05:30,372.55,375.8,365.15,366.2,1896911,-0.018230563002681,-0.08803386875856067,0.010764559757107328,-0.05423553719008267,-0.06985013970027942,-0.002594210813762987,-8.008765525943943,-5.5918024062863765,2.9948170866855435,0.013371118655131336,0.01722944797009455,1.0,0.5293972,-0.002186988296504039,-1,2026-02-06 00:00:00+05:30
2026-02-03 00:00:00+05:30,385.0,387.7,370.9,372.3,4840490,0.005808456031338727,-0.052551215167324083,-0.012859604931724666,-0.04879918242207448,0.03445401500416789,-0.010072522159548791,-5.269934515168984,-6.788917910053897,-0.2665486290117087,0.013350320595656294,0.016859494155656945,1.0,0.51938725,-0.01870733693476495,-1,2026-02-06 00:00:00+05:30
2026-02-06 00:00:00+05:30,367.8,367.85,361.1,365.4,1797290,-0.006525285481239873,-0.05593592559100902,-0.039432176656151396,-0.018665234322546076,0.007860984691766548,0.023399014778325178,-4.987743381755706,-6.990550017204555,-1.343019072703612,0.012074348163286614,0.015273203734355287,1.0,0.519887,0.0260667064717391,1,2026-02-12 00:00:00+05:30
2026-02-09 00:00:00+05:30,368.85,375.0,366.4,373.95,2278289,0.023399014778325178,-0.010583410504034885,-0.021457542849666278,0.037597114317425184,0.009447968686732366,-0.007755047466238785,-3.7812651499461936,-6.447249210522102,-1.371947493786763,0.013262386691711875,0.015154282051926303,1.0,0.53540206,0.002937251777968675,1,2026-02-12 00:00:00+05:30
